Time,TT
2015-07-01T11:43:32,30.0
2015-07-01T12:12:35,37.0
2015-07-01T13:18:22,27.0
2015-07-01T13:54:18,23.0
2015-07-01T15:03:16,17.0
2015-07-01T15:44:14,29.0
2015-07-01T16:49:06,22.0
2015-07-01T17:32:28,32.0
2015-07-01T18:43:17,27.0
2015-07-01T19:17:10,32.0
2015-07-01T20:20:57,17.0
2015-07-01T21:50:21,25.0
2015-07-01T23:23:25,30.0
2015-07-01T00:20:45,17.0
2015-07-01T06:05:11,32.0
2015-07-01T06:48:15,24.0
2015-07-01T07:11:28,30.0
2015-07-01T07:33:14,28.0
2015-07-01T08:27:39,40.0
2015-07-01T08:40:35,30.0
2015-07-01T09:15:13,26.0
2015-07-01T10:07:34,30.0
2015-07-01T10:39:40,28.0
2015-07-03T11:19:22,28.0
2015-07-03T12:53:18,38.0
2015-07-03T13:40:31,30.0
2015-07-03T14:42:08,60.0
2015-07-03T15:34:12,34.0
2015-07-03T16:31:14,22.0
2015-07-03T17:25:36,30.0
2015-07-03T18:25:19,30.0
2015-07-03T19:11:31,33.0
2015-07-03T19:55:06,17.0
2015-07-03T20:49:29,29.0
2015-07-03T21:22:00,27.0
2015-07-03T22:45:39,43.0
2015-07-03T06:44:53,16.0
2015-07-03T07:58:21,27.0
2015-07-03T08:25:11,21.0
2015-07-03T08:54:18,26.0
2015-07-03T09:43:33,35.0
2015-07-03T10:08:31,29.0
2015-07-04T11:29:11,29.0
2015-07-04T11:35:35,30.0
2015-07-04T13:19:25,30.0
2015-07-04T13:28:22,27.0
2015-07-04T15:07:00,18.0
2015-07-04T15:14:24,27.0
2015-07-04T16:55:00,22.0
2015-07-04T17:00:56,31.0
2015-07-04T18:41:25,23.0
2015-07-04T18:46:21,29.0
2015-07-04T20:08:06,29.0
2015-07-04T20:21:32,30.0
2015-07-04T21:45:47,23.0
2015-07-04T22:05:43,60.0
2015-07-04T23:32:18,27.0
2015-07-04T23:46:18,30.0
2015-07-04T00:09:01,15.0
2015-07-04T07:04:15,30.0
2015-07-04T08:24:14,31.0
2015-07-04T09:51:35,28.0
2015-07-04T09:57:37,37.0
2015-07-05T10:46:00,24.0
2015-07-05T10:49:38,29.0
2015-07-05T11:48:42,31.0
2015-07-05T12:05:10,29.0
2015-07-05T12:22:29,40.0
2015-07-05T12:44:28,45.0
2015-07-05T13:35:30,33.0
2015-07-05T13:51:33,35.0
2015-07-05T14:13:06,46.0
2015-07-05T14:33:18,34.0
2015-07-05T15:22:59,16.0
2015-07-05T15:44:20,30.0
2015-07-05T15:59:02,19.0
2015-07-05T16:18:41,32.0
2015-07-05T17:15:39,52.0
2015-07-05T17:33:37,30.0
2015-07-05T17:50:11,23.0
2015-07-05T18:05:42,60.0
2015-07-05T18:56:14,21.0
2015-07-05T19:29:57,76.0
2015-07-05T19:48:21,31.0
2015-07-05T21:07:20,30.0
2015-07-05T22:27:37,28.0
2015-07-05T23:40:49,30.0
2015-07-05T00:32:20,19.0
2015-07-05T00:40:43,17.0
2015-07-05T06:07:42,19.0
2015-07-05T06:20:43,60.0
2015-07-05T07:20:51,17.0
2015-07-05T07:43:24,32.0
2015-07-05T08:13:23,31.0
2015-07-05T08:29:15,30.0
2015-07-05T08:48:16,37.0
2015-07-05T09:10:03,30.0
2015-07-05T09:40:13,28.0
2015-07-05T10:07:17,29.0
2015-07-05T10:24:11,27.0
2015-07-06T11:09:01,16.0
2015-07-06T11:58:23,34.0
2015-07-06T12:44:28,32.0
2015-07-06T13:31:21,30.0
2015-07-06T14:28:20,29.0
2015-07-06T15:23:26,26.0
2015-07-06T16:17:33,27.0
2015-07-06T17:08:17,25.0
2015-07-06T18:05:52,60.0
2015-07-06T18:53:20,31.0
2015-07-06T20:34:19,32.0
2015-07-06T22:14:21,30.0
2015-07-06T07:02:38,51.0
2015-07-06T08:37:28,33.0
2015-07-06T10:26:23,22.0
2015-07-07T10:42:07,29.0
2015-07-07T12:21:08,25.0
2015-07-07T14:02:39,34.0
2015-07-07T15:52:04,18.0
2015-07-07T17:44:21,26.0
2015-07-07T19:31:18,30.0
2015-07-07T19:53:20,30.0
2015-07-07T21:01:21,35.0
2015-07-07T21:24:39,42.0
2015-07-07T22:25:58,30.0
2015-07-07T22:47:03,18.0
2015-07-07T23:41:36,27.0
2015-07-07T06:35:59,17.0
2015-07-07T07:18:19,33.0
2015-07-07T08:09:10,34.0
2015-07-07T08:59:15,27.0
2015-07-08T10:56:36,25.0
2015-07-08T11:45:17,24.0
2015-07-08T12:15:39,41.0
2015-07-08T12:36:32,27.0
2015-07-08T13:26:44,101.0
2015-07-08T14:21:37,407.0
2015-07-08T14:16:15,20.0
2015-07-08T15:09:20,24.0
2015-07-08T15:40:35,35.0
2015-07-08T16:09:23,24.0
2015-07-08T16:53:30,35.0
2015-07-08T17:42:52,215.0
2015-07-08T17:57:07,60.0
2015-07-08T18:42:18,30.0
2015-07-08T19:19:50,17.0
2015-07-08T19:41:19,23.0
2015-07-08T20:20:12,27.0
2015-07-08T21:54:22,30.0
2015-07-08T23:23:50,14.0
2015-07-08T00:03:25,30.0
2015-07-08T00:39:13,30.0
2015-07-08T06:27:15,32.0
2015-07-08T06:46:19,33.0
2015-07-08T07:10:34,44.0
2015-07-08T07:26:56,14.0
2015-07-08T07:52:23,36.0
2015-07-08T08:28:27,45.0
2015-07-08T08:47:35,35.0
2015-07-08T09:07:56,24.0
2015-07-08T09:32:27,47.0
2015-07-08T10:09:10,26.0
2015-07-08T10:41:01,18.0
2015-07-09T11:35:28,22.0
2015-07-09T11:56:56,45.0
2015-07-09T13:08:46,52.0
2015-07-09T13:30:19,28.0
2015-07-09T14:54:30,42.0
2015-07-09T15:19:28,25.0
2015-07-09T16:50:50,60.0
2015-07-09T17:12:26,102.0
2015-07-09T18:32:47,37.0
2015-07-09T18:54:13,30.0
2015-07-09T20:12:09,29.0
2015-07-09T20:34:17,27.0
2015-07-09T21:40:03,20.0
2015-07-09T22:11:14,30.0
2015-07-09T23:07:12,28.0
2015-07-09T06:59:10,27.0
2015-07-09T08:18:06,20.0
2015-07-09T08:38:12,36.0
2015-07-09T09:56:26,26.0
2015-07-09T10:19:53,60.0
2015-07-10T11:07:03,19.0
2015-07-10T11:25:20,25.0
2015-07-10T12:45:28,51.0
2015-07-10T12:53:47,21.0
2015-07-10T13:42:31,38.0
2015-07-10T14:31:02,25.0
2015-07-10T14:45:36,29.0
2015-07-10T15:34:37,28.0
2015-07-10T16:19:00,60.0
2015-07-10T16:37:13,25.0
2015-07-10T17:28:22,56.0
2015-07-10T18:05:35,45.0
2015-07-10T18:23:38,31.0
2015-07-10T19:15:42,30.0
2015-07-10T19:55:14,22.0
2015-07-10T20:48:29,30.0
2015-07-10T21:18:00,15.0
2015-07-10T22:49:12,30.0
2015-07-10T00:21:08,30.0
2015-07-10T06:05:56,17.0
2015-07-10T06:17:59,16.0
2015-07-10T07:33:04,40.0
2015-07-10T07:47:36,34.0
2015-07-10T08:03:41,33.0
2015-07-10T09:17:25,32.0
2015-07-10T09:27:05,23.0
2015-07-10T09:42:58,15.0
2015-07-11T10:45:22,26.0
2015-07-11T10:51:07,30.0
2015-07-11T11:46:59,62.0
2015-07-11T12:26:14,28.0
2015-07-11T12:33:51,24.0
2015-07-11T12:50:04,23.0
2015-07-11T13:39:26,30.0
2015-07-11T14:15:18,25.0
2015-07-11T14:21:15,25.0
2015-07-11T14:38:17,31.0
2015-07-11T15:27:38,29.0
2015-07-11T16:07:20,29.0
2015-07-11T16:22:31,23.0
2015-07-11T17:19:38,28.0
2015-07-11T17:59:48,22.0
2015-07-11T18:16:01,44.0
2015-07-11T19:47:15,69.0
2015-07-11T00:08:19,44.0
2015-07-11T06:22:00,30.0
2015-07-11T07:39:21,30.0
2015-07-11T08:28:27,30.0
2015-07-11T09:08:22,30.0
2015-07-11T10:06:24,40.0
2015-07-12T10:37:54,21.0
2015-07-12T11:05:54,12.0
2015-07-12T12:20:43,30.0
2015-07-12T12:50:39,60.0
2015-07-12T14:09:50,56.0
2015-07-12T14:42:28,36.0
2015-07-12T16:00:27,27.0
2015-07-12T16:29:26,31.0
2015-07-12T17:37:20,33.0
2015-07-12T18:13:33,35.0
2015-07-12T19:18:19,30.0
2015-07-12T19:57:19,22.0
2015-07-12T20:50:19,28.0
2015-07-12T21:18:15,30.0
2015-07-12T22:44:48,13.0
2015-07-12T06:41:55,15.0
2015-07-12T07:55:32,30.0
2015-07-12T09:00:01,27.0
2015-07-12T09:18:48,17.0
2015-07-12T09:28:19,30.0
2015-07-13T11:05:20,32.0
2015-07-13T11:20:26,22.0
2015-07-13T11:57:01,38.0
2015-07-13T12:10:34,28.0
2015-07-13T12:45:15,26.0
2015-07-13T12:56:37,36.0
2015-07-13T13:34:19,31.0
2015-07-13T13:43:41,33.0
2015-07-13T13:51:32,28.0
2015-07-13T14:31:57,14.0
2015-07-13T14:42:37,29.0
2015-07-13T15:17:09,27.0
2015-07-13T15:36:48,31.0
2015-07-13T15:47:47,45.0
2015-07-13T16:24:22,24.0
2015-07-13T16:35:00,17.0
2015-07-13T17:02:22,25.0
2015-07-13T17:23:34,28.0
2015-07-13T17:31:16,23.0
2015-07-13T18:05:22,29.0
2015-07-13T18:19:32,29.0
2015-07-13T18:49:24,30.0
2015-07-13T19:08:35,29.0
2015-07-13T19:16:31,27.0
2015-07-13T19:53:20,36.0
2015-07-13T20:33:23,27.0
2015-07-13T20:47:25,28.0
2015-07-13T21:19:51,53.0
2015-07-13T22:06:16,30.0
2015-07-13T22:46:03,23.0
2015-07-13T00:00:47,22.0
2015-07-13T06:21:08,35.0
2015-07-13T06:48:35,48.0
2015-07-13T07:01:12,27.0
2015-07-13T07:11:01,16.0
2015-07-13T07:50:01,27.0
2015-07-13T08:07:36,27.0
2015-07-13T08:30:16,27.0
2015-07-13T08:38:25,25.0
2015-07-13T08:48:20,30.0
2015-07-13T09:28:45,29.0
2015-07-13T09:43:51,48.0
2015-07-13T10:08:31,33.0
2015-07-13T10:24:00,27.0
2015-07-13T10:34:08,24.0
2015-07-14T11:34:29,38.0
2015-07-14T13:04:43,42.0
2015-07-14T14:54:18,69.0
2015-07-14T16:47:09,51.0
2015-07-14T18:35:55,60.0
2015-07-14T20:08:36,60.0
2015-07-14T21:54:14,23.0
2015-07-14T23:07:17,41.0
2015-07-14T00:03:49,20.0
2015-07-14T08:21:25,35.0
2015-07-14T08:54:36,26.0
2015-07-14T09:55:08,60.0
2015-07-15T11:46:44,24.0
2015-07-15T11:58:32,22.0
2015-07-15T13:16:39,30.0
2015-07-15T13:34:20,23.0
2015-07-15T15:09:56,30.0
2015-07-15T15:21:00,30.0
2015-07-15T17:08:22,108.0
2015-07-15T17:21:25,58.0
2015-07-15T18:46:36,30.0
2015-07-15T19:04:18,28.0
2015-07-15T20:20:58,17.0
2015-07-15T20:30:17,29.0
2015-07-15T22:19:26,31.0
2015-07-15T23:27:13,28.0
2015-07-15T00:21:56,17.0
2015-07-15T06:50:30,28.0
2015-07-15T06:58:25,26.0
2015-07-15T08:30:29,33.0
2015-07-15T08:35:30,27.0
2015-07-15T10:10:44,60.0
2015-07-15T10:26:05,24.0
2015-07-16T11:00:23,22.0
2015-07-16T12:31:30,24.0
2015-07-16T14:20:07,16.0
2015-07-16T16:09:28,29.0
2015-07-16T17:57:18,27.0
2015-07-16T19:42:08,60.0
2015-07-16T06:27:54,30.0
2015-07-16T07:25:19,31.0
2015-07-16T07:56:25,32.0
2015-07-16T09:09:24,25.0
2015-07-16T09:30:24,28.0
2015-07-17T10:46:24,31.0
2015-07-17T12:20:41,41.0
2015-07-17T14:07:28,23.0
2015-07-17T15:59:21,28.0
2015-07-17T17:46:27,27.0
2015-07-17T19:33:36,37.0
2015-07-17T21:03:52,53.0
2015-07-17T22:31:41,50.0
2015-07-17T23:46:18,29.0
2015-07-17T06:04:59,19.0
2015-07-17T06:36:10,31.0
2015-07-17T07:19:06,19.0
2015-07-17T07:32:06,22.0
2015-07-17T08:07:38,45.0
2015-07-17T09:01:33,35.0
2015-07-17T09:16:17,24.0
2015-07-18T10:58:05,22.0
2015-07-18T11:13:10,29.0
2015-07-18T11:19:21,30.0
2015-07-18T12:56:13,30.0
2015-07-18T13:05:06,25.0
2015-07-18T13:10:24,26.0
2015-07-18T15:00:31,35.0
2015-07-18T14:48:27,27.0
2015-07-18T15:02:25,30.0
2015-07-18T16:32:13,28.0
2015-07-18T16:42:31,30.0
2015-07-18T16:53:31,30.0
2015-07-18T18:21:15,31.0
2015-07-18T18:29:53,16.0
2015-07-18T19:56:54,23.0
2015-07-18T21:29:34,42.0
2015-07-18T22:46:56,17.0
2015-07-18T00:43:05,18.0
2015-07-18T06:42:02,23.0
2015-07-18T07:57:28,27.0
2015-07-18T08:11:57,17.0
2015-07-18T09:16:15,30.0
2015-07-18T09:33:15,33.0
2015-07-18T09:40:33,35.0
2015-07-19T11:27:30,27.0
2015-07-19T11:35:35,51.0
2015-07-19T11:59:24,27.0
2015-07-19T13:14:32,27.0
2015-07-19T13:28:21,34.0
2015-07-19T13:45:25,23.0
2015-07-19T15:08:36,38.0
2015-07-19T15:15:49,15.0
2015-07-19T15:40:41,47.0
2015-07-19T16:58:36,28.0
2015-07-19T17:02:06,21.0
2015-07-19T17:12:25,25.0
2015-07-19T18:36:19,15.0
2015-07-19T18:44:13,30.0
2015-07-19T19:05:15,28.0
2015-07-19T20:07:20,26.0
2015-07-19T20:20:02,25.0
2015-07-19T20:38:28,28.0
2015-07-19T21:37:06,23.0
2015-07-19T21:52:12,28.0
2015-07-19T22:10:52,13.0
2015-07-19T23:03:50,18.0
2015-07-19T23:21:45,13.0
2015-07-19T00:05:55,10.0
2015-07-19T07:01:15,30.0
2015-07-19T08:20:04,21.0
2015-07-19T08:40:29,30.0
2015-07-19T09:49:37,29.0
2015-07-19T09:57:14,29.0
2015-07-19T10:19:22,32.0
2015-07-20T11:22:28,24.0
2015-07-20T11:45:16,30.0
2015-07-20T12:10:23,30.0
2015-07-20T12:57:49,30.0
2015-07-20T13:20:29,35.0
2015-07-20T13:43:35,30.0
2015-07-20T13:53:29,25.0
2015-07-20T14:39:41,35.0
2015-07-20T15:11:40,40.0
2015-07-20T15:31:48,32.0
2015-07-20T15:40:36,44.0
2015-07-20T16:32:18,25.0
2015-07-20T16:56:18,31.0
2015-07-20T17:19:22,29.0
2015-07-20T17:26:21,30.0
2015-07-20T18:19:19,10.0
2015-07-20T18:42:14,28.0
2015-07-20T19:06:41,29.0
2015-07-20T19:16:18,26.0
2015-07-20T19:51:58,57.0
2015-07-20T20:15:18,29.0
2015-07-20T20:50:15,28.0
2015-07-20T21:27:10,84.0
2015-07-20T21:49:52,20.0
2015-07-20T22:46:32,31.0
2015-07-20T23:26:04,25.0
2015-07-20T00:18:13,23.0
2015-07-20T00:39:29,42.0
2015-07-20T06:20:05,23.0
2015-07-20T06:48:57,22.0
2015-07-20T07:11:06,19.0
2015-07-20T07:46:04,60.0
2015-07-20T08:04:25,28.0
2015-07-20T08:31:21,33.0
2015-07-20T08:46:31,29.0
2015-07-20T09:23:35,28.0
2015-07-20T09:46:19,30.0
2015-07-20T10:06:26,30.0
2015-07-20T10:47:00,248.0
2015-07-21T11:30:09,30.0
2015-07-21T13:05:13,29.0
2015-07-21T13:48:05,16.0
2015-07-21T14:56:22,38.0
2015-07-21T15:33:42,29.0
2015-07-21T16:44:10,22.0
2015-07-21T17:22:59,39.0
2015-07-21T18:32:24,35.0
2015-07-21T19:10:21,28.0
2015-07-21T20:07:14,30.0
2015-07-21T20:49:28,30.0
2015-07-21T21:40:10,31.0
2015-07-21T23:04:25,34.0
2015-07-21T00:03:59,23.0
2015-07-21T08:18:33,32.0
2015-07-21T08:53:21,34.0
2015-07-21T09:55:29,37.0
2015-07-22T11:57:22,28.0
2015-07-22T13:33:59,15.0
2015-07-22T15:17:41,25.0
2015-07-22T15:17:48,108.0
2015-07-22T17:07:25,24.0
2015-07-22T18:56:22,21.0
2015-07-22T20:33:32,44.0
2015-07-22T22:10:02,18.0
2015-07-22T00:18:24,30.0
2015-07-22T06:04:05,21.0
2015-07-22T06:59:08,26.0
2015-07-22T07:33:10,28.0
2015-07-22T08:38:11,23.0
2015-07-22T09:14:21,29.0
2015-07-22T10:23:16,28.0
2015-07-23T10:46:27,30.0
2015-07-23T12:25:34,23.0
2015-07-23T14:01:24,48.0
2015-07-23T15:54:34,34.0
2015-07-23T17:41:50,53.0
2015-07-23T19:11:52,27.0
2015-07-23T20:53:32,31.0
2015-07-23T22:28:52,15.0
2015-07-23T23:43:42,10.0
2015-07-23T06:35:08,25.0
2015-07-23T07:18:18,28.0
2015-07-23T08:06:53,12.0
2015-07-23T09:02:28,30.0
2015-07-24T10:59:22,24.0
2015-07-24T12:30:09,24.0
2015-07-24T14:20:22,27.0
2015-07-24T16:15:25,31.0
2015-07-24T18:14:24,30.0
2015-07-24T00:40:03,37.0
2015-07-24T06:29:44,48.0
2015-07-24T07:27:18,38.0
2015-07-24T07:56:25,30.0
2015-07-24T09:08:10,32.0
2015-07-24T09:35:31,40.0
2015-07-25T10:36:34,33.0
2015-07-25T11:42:10,26.0
2015-07-25T11:53:42,56.0
2015-07-25T12:15:13,28.0
2015-07-25T13:31:21,29.0
2015-07-25T13:49:30,32.0
2015-07-25T14:05:16,28.0
2015-07-25T15:23:15,27.0
2015-07-25T15:42:21,45.0
2015-07-25T15:51:20,28.0
2015-07-25T17:13:12,30.0
2015-07-25T17:35:19,31.0
2015-07-25T17:42:25,26.0
2015-07-25T19:04:19,29.0
2015-07-25T20:41:40,48.0
2015-07-25T07:05:17,30.0
2015-07-25T08:24:01,24.0
2015-07-25T08:38:18,38.0
2015-07-25T08:58:18,33.0
2015-07-25T10:02:14,28.0
2015-07-25T10:18:45,12.0
2015-07-26T11:19:27,32.0
2015-07-26T12:06:27,31.0
2015-07-26T13:10:02,27.0
2015-07-26T13:55:10,51.0
2015-07-26T14:56:05,26.0
2015-07-26T15:47:37,41.0
2015-07-26T16:49:40,54.0
2015-07-26T17:33:39,2.0
2015-07-26T00:43:08,30.0
2015-07-26T06:08:19,27.0
2015-07-26T07:21:59,22.0
2015-07-26T08:13:16,32.0
2015-07-26T08:52:21,3.0
2015-07-26T09:39:40,45.0
2015-07-26T10:26:30,24.0
2015-07-27T10:54:14,27.0
2015-07-27T12:28:23,28.0
2015-07-27T14:05:25,21.0
2015-07-27T15:54:02,65.0
2015-07-27T17:45:41,37.0
2015-07-27T19:29:28,24.0
2015-07-27T21:06:08,30.0
2015-07-27T22:32:12,30.0
2015-07-27T23:46:59,24.0
2015-07-27T06:39:14,24.0
2015-07-27T07:24:01,60.0
2015-07-27T08:16:30,31.0
2015-07-27T08:57:19,32.0
2015-07-27T09:03:21,30.0
2015-07-28T00:45:10,24.0
2015-07-28T06:04:55,14.0
2015-07-28T07:32:23,39.0
2015-07-28T08:55:16,28.0
2015-07-28T09:13:49,58.0
2015-07-30T10:59:30,27.0
2015-07-30T11:09:40,41.0
2015-07-30T11:16:41,37.0
2015-07-30T11:47:26,25.0
2015-07-30T12:13:36,34.0
2015-07-30T12:31:20,22.0
2015-07-30T12:45:41,60.0
2015-07-30T12:56:22,24.0
2015-07-30T13:21:25,28.0
2015-07-30T13:49:41,33.0
2015-07-30T14:03:29,25.0
2015-07-30T14:20:50,122.0
2015-07-30T14:36:26,33.0
2015-07-30T14:44:24,24.0
2015-07-30T15:11:28,31.0
2015-07-30T15:34:49,106.0
2015-07-30T16:02:35,216.0
2015-07-30T16:08:01,74.0
2015-07-30T16:21:47,93.0
2015-07-30T16:31:40,51.0
2015-07-30T16:57:42,36.0
2015-07-30T17:33:08,32.0
2015-07-30T17:36:40,42.0
2015-07-30T18:19:00,22.0
2015-07-30T18:13:12,24.0
2015-07-30T18:24:15,31.0
2015-07-30T18:44:21,21.0
2015-07-30T19:20:23,26.0
2015-07-30T19:33:21,34.0
2015-07-30T20:02:01,60.0
2015-07-30T20:23:32,27.0
2015-07-30T20:50:27,28.0
2015-07-30T21:21:53,16.0
2015-07-30T21:56:03,16.0
2015-07-30T22:46:12,30.0
2015-07-30T23:24:47,12.0
2015-07-30T06:17:46,11.0
2015-07-30T06:50:15,27.0
2015-07-30T07:08:35,30.0
2015-07-30T07:25:18,29.0
2015-07-30T07:45:16,21.0
2015-07-30T08:03:39,29.0
2015-07-30T08:32:33,49.0
2015-07-30T08:46:28,29.0
2015-07-30T09:11:10,28.0
2015-07-30T09:44:09,22.0
2015-07-30T10:09:38,45.0
2015-07-30T10:36:03,28.0
2015-07-31T11:59:31,30.0
2015-07-31T13:34:31,30.0
2015-07-31T15:18:46,30.0
2015-07-31T17:12:25,88.0
2015-07-31T18:59:09,23.0
2015-07-31T20:30:58,17.0
2015-07-31T22:11:55,52.0
2015-07-31T00:05:47,11.0
2015-07-31T06:28:05,6.0
2015-07-31T06:58:57,12.0
2015-07-31T07:54:14,35.0
2015-07-31T08:36:27,26.0
2015-07-31T09:31:09,27.0
2015-07-31T10:23:26,26.0
2015-08-02T10:33:05,18.0
2015-08-02T10:42:19,23.0
2015-08-02T10:51:21,32.0
2015-08-02T11:50:25,22.0
2015-08-02T12:12:16,30.0
2015-08-02T12:22:18,25.0
2015-08-02T12:38:40,60.0
2015-08-02T13:37:22,28.0
2015-08-02T14:03:01,30.0
2015-08-02T14:10:13,33.0
2015-08-02T14:28:14,30.0
2015-08-02T15:29:06,25.0
2015-08-02T15:54:39,30.0
2015-08-02T16:01:25,31.0
2015-08-02T16:23:36,30.0
2015-08-02T17:17:26,30.0
2015-08-02T17:42:32,28.0
2015-08-02T17:49:16,30.0
2015-08-02T18:06:17,24.0
2015-08-02T18:55:18,30.0
2015-08-02T19:19:29,30.0
2015-08-02T19:30:35,47.0
2015-08-02T19:53:59,54.0
2015-08-02T20:45:56,71.0
2015-08-02T21:11:17,33.0
2015-08-02T22:29:56,11.0
2015-08-02T23:45:32,41.0
2015-08-02T06:23:46,12.0
2015-08-02T07:37:19,30.0
2015-08-02T08:24:25,34.0
2015-08-02T08:57:00,18.0
2015-08-02T09:09:19,30.0
2015-08-02T10:08:16,28.0
2015-08-03T10:47:16,23.0
2015-08-03T11:58:15,30.0
2015-08-03T12:19:16,28.0
2015-08-03T13:31:25,47.0
2015-08-03T14:06:17,26.0
2015-08-03T15:10:22,33.0
2015-08-03T15:55:21,28.0
2015-08-03T17:03:24,27.0
2015-08-03T17:44:35,28.0
2015-08-03T18:53:51,16.0
2015-08-03T19:31:14,22.0
2015-08-03T20:34:19,30.0
2015-08-03T21:05:04,20.0
2015-08-03T22:09:27,30.0
2015-08-03T22:32:19,26.0
2015-08-03T23:48:19,26.0
2015-08-03T06:37:23,14.0
2015-08-03T07:02:22,26.0
2015-08-03T07:21:13,30.0
2015-08-03T08:13:39,26.0
2015-08-03T08:40:20,30.0
2015-08-03T09:01:17,32.0
2015-08-03T10:22:27,24.0
2015-08-04T00:48:16,21.0
2015-08-04T06:34:54,25.0
2015-08-04T07:56:23,36.0
2015-08-04T08:54:35,34.0
2015-08-04T09:36:48,40.0
2015-08-06T11:03:21,18.0
2015-08-06T11:31:33,24.0
2015-08-06T11:49:10,27.0
2015-08-06T12:15:13,23.0
2015-08-06T12:32:19,21.0
2015-08-06T13:07:07,22.0
2015-08-06T13:21:13,29.0
2015-08-06T14:20:22,25.0
2015-08-06T14:53:41,32.0
2015-08-06T15:08:26,31.0
2015-08-06T16:13:09,34.0
2015-08-06T16:50:42,30.0
2015-08-06T17:01:36,36.0
2015-08-06T17:56:09,25.0
2015-08-06T18:31:33,21.0
2015-08-06T18:54:47,58.0
2015-08-06T19:42:46,12.0
2015-08-06T20:13:07,30.0
2015-08-06T20:26:26,30.0
2015-08-06T21:40:16,30.0
2015-08-06T23:03:21,25.0
2015-08-06T06:46:23,30.0
2015-08-06T07:12:14,30.0
2015-08-06T07:23:58,22.0
2015-08-06T08:19:10,26.0
2015-08-06T08:27:30,33.0
2015-08-06T08:43:35,44.0
2015-08-06T09:08:16,26.0
2015-08-06T09:55:22,29.0
2015-08-06T10:06:42,36.0
2015-08-06T10:37:24,24.0
2015-08-07T11:14:19,55.0
2015-08-07T11:34:40,235.0
2015-08-07T12:49:04,24.0
2015-08-07T12:58:40,41.0
2015-08-07T13:54:45,48.0
2015-08-07T14:32:50,15.0
2015-08-07T14:48:17,24.0
2015-08-07T15:38:40,26.0
2015-08-07T16:19:34,25.0
2015-08-07T16:41:51,44.0
2015-08-07T17:24:27,29.0
2015-08-07T18:12:23,26.0
2015-08-07T18:32:38,25.0
2015-08-07T19:08:35,31.0
2015-08-07T20:03:29,29.0
2015-08-07T20:54:29,30.0
2015-08-07T21:39:27,30.0
2015-08-07T00:18:11,26.0
2015-08-07T06:04:17,20.0
2015-08-07T06:17:53,19.0
2015-08-07T07:32:37,36.0
2015-08-07T07:45:16,27.0
2015-08-07T08:01:26,43.0
2015-08-07T09:17:37,43.0
2015-08-07T09:24:22,28.0
2015-08-07T09:45:18,24.0
2015-08-08T12:20:56,22.0
2015-08-08T14:03:28,35.0
2015-08-08T15:52:18,27.0
2015-08-08T17:39:17,26.0
2015-08-08T19:18:23,27.0
2015-08-08T20:51:03,18.0
2015-08-08T00:14:13,26.0
2015-08-08T08:58:11,30.0
2015-08-09T11:39:19,25.0
2015-08-09T11:54:01,11.0
2015-08-09T12:32:08,28.0
2015-08-09T13:33:09,25.0
2015-08-09T13:42:14,29.0
2015-08-09T14:22:02,26.0
2015-08-09T15:14:59,20.0
2015-08-09T15:36:22,28.0
2015-08-09T16:09:37,30.0
2015-08-09T17:06:27,30.0
2015-08-09T17:23:23,32.0
2015-08-09T17:56:49,62.0
2015-08-09T18:43:23,30.0
2015-08-09T19:07:12,27.0
2015-08-09T20:22:19,33.0
2015-08-09T20:38:22,30.0
2015-08-09T21:53:19,30.0
2015-08-09T22:13:05,20.0
2015-08-09T23:22:33,30.0
2015-08-09T08:38:53,58.0
2015-08-09T09:58:53,13.0
2015-08-09T10:16:12,25.0
2015-08-10T10:45:16,30.0
2015-08-10T12:18:37,31.0
2015-08-10T14:07:17,20.0
2015-08-10T15:58:02,18.0
2015-08-10T17:47:35,30.0
2015-08-10T19:36:53,64.0
2015-08-10T21:07:12,29.0
2015-08-10T22:31:06,30.0
2015-08-10T23:51:54,17.0
2015-08-10T00:41:06,30.0
2015-08-10T06:40:22,28.0
2015-08-10T07:21:22,30.0
2015-08-10T08:13:28,32.0
2015-08-10T09:06:19,28.0
2015-08-11T00:49:59,20.0
2015-08-11T06:05:02,21.0
2015-08-11T07:32:09,21.0
2015-08-11T08:50:22,30.0
2015-08-11T09:15:26,18.0
2015-08-12T11:36:13,22.0
2015-08-12T13:17:34,87.0
2015-08-12T14:54:51,68.0
2015-08-12T16:43:29,20.0
2015-08-12T20:09:53,57.0
2015-08-12T21:36:09,33.0
2015-08-12T23:04:59,32.0
2015-08-12T08:21:26,30.0
2015-08-13T11:07:18,35.0
2015-08-13T11:22:59,23.0
2015-08-13T11:55:11,13.0
2015-08-13T12:45:27,26.0
2015-08-13T12:57:45,33.0
2015-08-13T13:36:45,43.0
2015-08-13T13:43:50,39.0
2015-08-13T14:34:55,137.0
2015-08-13T14:42:27,32.0
2015-08-13T15:17:14,29.0
2015-08-13T15:28:41,30.0
2015-08-13T16:25:52,30.0
2015-08-13T16:41:05,20.0
2015-08-13T17:11:23,30.0
2015-08-13T17:25:36,38.0
2015-08-13T18:24:15,25.0
2015-08-13T19:02:26,32.0
2015-08-13T19:10:34,27.0
2015-08-13T20:04:48,17.0
2015-08-13T20:30:20,21.0
2015-08-13T20:53:35,41.0
2015-08-13T21:20:34,33.0
2015-08-13T22:10:43,60.0
2015-08-13T22:47:02,22.0
2015-08-13T00:20:01,23.0
2015-08-13T07:07:23,30.0
2015-08-13T08:05:22,36.0
2015-08-13T08:50:21,29.0
2015-08-13T09:44:32,29.0
2015-08-13T10:29:23,31.0
2015-08-14T10:57:08,23.0
2015-08-14T11:48:57,20.0
2015-08-14T12:13:41,43.0
2015-08-14T12:34:10,24.0
2015-08-14T13:22:34,109.0
2015-08-14T13:55:03,18.0
2015-08-14T14:22:18,33.0
2015-08-14T15:12:42,25.0
2015-08-14T15:49:51,55.0
2015-08-14T16:13:28,29.0
2015-08-14T17:37:29,37.0
2015-08-14T17:56:27,23.0
2015-08-14T19:22:28,30.0
2015-08-14T19:44:20,55.0
2015-08-14T00:04:50,18.0
2015-08-14T06:28:57,11.0
2015-08-14T06:48:26,39.0
2015-08-14T07:09:06,23.0
2015-08-14T07:26:04,27.0
2015-08-14T07:57:23,32.0
2015-08-14T08:31:16,25.0
2015-08-14T08:47:26,32.0
2015-08-14T09:07:18,29.0
2015-08-14T09:33:49,41.0
2015-08-14T10:05:58,15.0
2015-08-14T10:37:25,30.0
2015-08-15T10:46:00,61.0
2015-08-15T11:00:38,26.0
2015-08-15T11:47:10,32.0
2015-08-15T12:22:11,25.0
2015-08-15T12:48:24,26.0
2015-08-15T12:58:28,30.0
2015-08-15T13:39:29,36.0
2015-08-15T14:11:20,28.0
2015-08-15T14:42:07,26.0
2015-08-15T14:51:39,30.0
2015-08-15T15:33:32,28.0
2015-08-15T16:00:22,30.0
2015-08-15T16:32:32,32.0
2015-08-15T16:48:36,35.0
2015-08-15T17:22:36,28.0
2015-08-15T17:54:15,29.0
2015-08-15T18:21:59,65.0
2015-08-15T18:30:27,23.0
2015-08-15T19:32:59,13.0
2015-08-15T19:58:24,33.0
2015-08-15T21:10:59,13.0
2015-08-15T21:28:18,30.0
2015-08-15T22:34:34,63.0
2015-08-15T22:45:50,16.0
2015-08-15T23:49:57,16.0
2015-08-15T06:20:49,22.0
2015-08-15T06:43:16,28.0
2015-08-15T07:40:36,62.0
2015-08-15T07:57:15,24.0
2015-08-15T08:30:47,25.0
2015-08-15T09:08:17,30.0
2015-08-15T09:20:46,59.0
2015-08-15T09:35:11,30.0
2015-08-15T10:07:33,33.0
2015-08-16T11:01:07,30.0
2015-08-16T11:17:09,25.0
2015-08-16T12:50:41,23.0
2015-08-16T13:03:39,38.0
2015-08-16T14:38:27,30.0
2015-08-16T14:47:30,32.0
2015-08-16T16:26:21,26.0
2015-08-16T16:36:13,26.0
2015-08-16T18:21:03,22.0
2015-08-16T18:31:04,24.0
2015-08-16T19:52:47,12.0
2015-08-16T21:26:51,58.0
2015-08-16T22:43:43,10.0
2015-08-16T00:07:01,25.0
2015-08-16T06:43:09,32.0
2015-08-16T07:57:15,26.0
2015-08-16T09:21:20,26.0
2015-08-16T09:30:27,30.0
2015-08-17T10:40:53,85.0
2015-08-17T10:56:24,22.0
2015-08-17T11:40:48,60.0
2015-08-17T12:05:35,41.0
2015-08-17T12:19:15,21.0
2015-08-17T12:33:40,26.0
2015-08-17T13:24:35,30.0
2015-08-17T13:53:23,34.0
2015-08-17T14:04:28,33.0
2015-08-17T15:07:26,30.0
2015-08-17T16:01:28,29.0
2015-08-17T16:01:19,28.0
2015-08-17T16:56:19,27.0
2015-08-17T17:30:27,30.0
2015-08-17T17:48:47,30.0
2015-08-17T18:02:57,34.0
2015-08-17T18:50:34,13.0
2015-08-17T19:17:26,30.0
2015-08-17T19:29:31,55.0
2015-08-17T19:41:41,35.0
2015-08-17T20:27:20,28.0
2015-08-17T21:01:08,30.0
2015-08-17T21:58:12,17.0
2015-08-17T22:24:56,38.0
2015-08-17T23:46:56,22.0
2015-08-17T00:00:51,16.0
2015-08-17T06:50:17,30.0
2015-08-17T07:09:14,28.0
2015-08-17T07:19:55,17.0
2015-08-17T07:30:35,26.0
2015-08-17T08:26:58,28.0
2015-08-17T08:48:21,28.0
2015-08-17T08:59:25,35.0
2015-08-17T09:08:17,26.0
2015-08-17T10:07:57,64.0
2015-08-17T10:39:08,27.0
2015-08-18T12:00:17,25.0
2015-08-18T13:33:28,25.0
2015-08-18T15:15:19,30.0
2015-08-18T17:02:24,29.0
2015-08-18T18:52:31,32.0
2015-08-18T20:30:42,55.0
2015-08-18T22:07:04,30.0
2015-08-18T00:43:44,20.0
2015-08-18T06:05:20,34.0
2015-08-18T06:59:12,24.0
2015-08-18T07:32:21,30.0
2015-08-18T08:38:16,27.0
2015-08-18T09:14:15,28.0
2015-08-18T10:24:32,28.0
2015-08-19T06:29:43,60.0
2015-08-19T07:57:17,31.0
2015-08-19T09:32:22,35.0
2015-08-20T11:08:18,25.0
2015-08-20T11:22:25,29.0
2015-08-20T12:40:01,16.0
2015-08-20T12:56:35,36.0
2015-08-20T13:47:09,38.0
2015-08-20T14:27:39,27.0
2015-08-20T14:40:24,28.0
2015-08-20T15:32:47,48.0
2015-08-20T16:24:40,35.0
2015-08-20T16:34:27,34.0
2015-08-20T17:29:27,31.0
2015-08-20T18:13:06,26.0
2015-08-20T18:25:47,51.0
2015-08-20T19:12:13,45.0
2015-08-20T19:54:43,33.0
2015-08-20T20:50:30,29.0
2015-08-20T21:18:27,30.0
2015-08-20T22:47:22,25.0
2015-08-20T06:16:59,13.0
2015-08-20T07:45:12,20.0
2015-08-20T08:05:32,35.0
2015-08-20T09:22:17,26.0
2015-08-20T09:42:41,53.0
2015-08-21T11:37:50,28.0
2015-08-21T13:14:08,27.0
2015-08-21T14:53:26,29.0
2015-08-21T16:47:23,26.0
2015-08-21T18:35:55,12.0
2015-08-21T20:11:20,30.0
2015-08-21T21:42:57,16.0
2015-08-21T23:14:22,30.0
2015-08-21T00:05:44,10.0
2015-08-21T08:18:19,27.0
2015-08-21T09:02:14,18.0
2015-08-21T09:54:28,28.0
2015-08-22T11:19:48,12.0
2015-08-22T11:34:46,41.0
2015-08-22T11:53:58,9.0
2015-08-22T12:02:59,30.0
2015-08-22T13:10:14,23.0
2015-08-22T13:22:24,33.0
2015-08-22T13:46:29,25.0
2015-08-22T13:49:27,29.0
2015-08-22T15:00:34,31.0
2015-08-22T15:18:35,45.0
2015-08-22T15:40:18,29.0
2015-08-22T16:51:08,25.0
2015-08-22T17:05:46,60.0
2015-08-22T17:26:23,35.0
2015-08-22T17:40:27,32.0
2015-08-22T18:48:39,37.0
2015-08-22T20:26:11,21.0
2015-08-22T20:57:35,34.0
2015-08-22T21:59:26,36.0
2015-08-22T23:29:24,47.0
2015-08-22T00:21:23,23.0
2015-08-22T05:59:16,30.0
2015-08-22T07:20:21,30.0
2015-08-22T08:12:06,25.0
2015-08-22T08:38:27,30.0
2015-08-22T08:48:37,44.0
2015-08-22T09:43:54,17.0
2015-08-22T10:06:54,54.0
2015-08-22T10:18:11,24.0
2015-08-22T10:24:29,47.0
2015-08-23T10:37:10,29.0
2015-08-23T10:43:29,30.0
2015-08-23T10:51:11,22.0
2015-08-23T11:51:23,25.0
2015-08-23T12:16:36,36.0
2015-08-23T12:22:28,25.0
2015-08-23T12:41:50,63.0
2015-08-23T13:36:10,24.0
2015-08-23T14:01:18,30.0
2015-08-23T14:11:21,25.0
2015-08-23T14:27:31,30.0
2015-08-23T15:26:24,24.0
2015-08-23T15:50:22,30.0
2015-08-23T15:58:27,28.0
2015-08-23T16:23:06,24.0
2015-08-23T17:16:09,24.0
2015-08-23T17:39:18,28.0
2015-08-23T17:50:12,51.0
2015-08-23T18:05:20,31.0
2015-08-23T18:54:31,23.0
2015-08-23T19:14:49,23.0
2015-08-23T19:29:13,28.0
2015-08-23T19:49:55,20.0
2015-08-23T20:46:16,30.0
2015-08-23T21:02:23,30.0
2015-08-23T22:28:14,30.0
2015-08-23T23:43:43,10.0
2015-08-23T00:44:21,30.0
2015-08-23T06:21:56,15.0
2015-08-23T07:39:16,35.0
2015-08-23T08:28:38,44.0
2015-08-23T09:02:18,28.0
2015-08-23T09:09:03,21.0
2015-08-23T10:07:21,30.0
2015-08-24T11:31:38,34.0
2015-08-24T13:04:38,22.0
2015-08-24T14:53:24,36.0
2015-08-24T16:42:36,38.0
2015-08-24T18:30:18,30.0
2015-08-24T20:05:24,26.0
2015-08-24T21:33:51,13.0
2015-08-24T23:05:39,60.0
2015-08-24T06:06:27,30.0
2015-08-24T07:33:06,19.0
2015-08-24T08:18:21,30.0
2015-08-24T09:16:31,31.0
2015-08-24T09:57:36,45.0
2015-08-25T12:02:37,39.0
2015-08-25T13:35:42,66.0
2015-08-25T15:20:42,46.0
2015-08-25T17:10:56,18.0
2015-08-25T18:57:25,38.0
2015-08-25T20:34:22,46.0
2015-08-25T22:05:35,60.0
2015-08-25T00:20:44,11.0
2015-08-25T07:00:10,27.0
2015-08-25T08:38:59,19.0
2015-08-25T10:22:34,40.0
2015-08-26T10:59:33,70.0
2015-08-26T11:47:20,30.0
2015-08-26T12:13:25,28.0
2015-08-26T12:36:39,28.0
2015-08-26T13:23:36,45.0
2015-08-26T13:57:42,42.0
2015-08-26T14:25:08,24.0
2015-08-26T15:11:10,14.0
2015-08-26T15:43:25,24.0
2015-08-26T16:09:33,29.0
2015-08-26T16:53:42,42.0
2015-08-26T17:34:29,24.0
2015-08-26T17:59:03,60.0
2015-08-26T18:46:35,30.0
2015-08-26T19:17:38,27.0
2015-08-26T19:37:54,17.0
2015-08-26T20:21:52,119.0
2015-08-26T21:54:26,40.0
2015-08-26T23:28:53,19.0
2015-08-26T06:33:37,50.0
2015-08-26T06:51:26,28.0
2015-08-26T07:10:20,30.0
2015-08-26T07:25:18,30.0
2015-08-26T07:57:32,24.0
2015-08-26T08:31:29,26.0
2015-08-26T08:47:26,29.0
2015-08-26T09:08:28,32.0
2015-08-26T09:38:46,24.0
2015-08-26T10:11:15,27.0
2015-08-26T10:37:22,29.0
2015-08-27T10:42:15,32.0
2015-08-27T11:08:19,35.0
2015-08-27T12:20:30,25.0
2015-08-27T12:44:26,29.0
2015-08-27T13:44:22,27.0
2015-08-27T14:08:21,37.0
2015-08-27T14:33:13,64.0
2015-08-27T15:27:29,32.0
2015-08-27T15:49:38,26.0
2015-08-27T16:23:04,65.0
2015-08-27T17:55:50,39.0
2015-08-27T18:22:10,63.0
2015-08-27T21:01:55,34.0
2015-08-27T22:33:42,55.0
2015-08-27T23:45:00,19.0
2015-08-27T06:19:59,20.0
2015-08-27T06:35:13,30.0
2015-08-27T07:21:19,30.0
2015-08-27T07:46:15,29.0
2015-08-27T08:13:24,26.0
2015-08-27T09:06:25,29.0
2015-08-27T09:22:35,39.0
2015-08-28T12:00:37,30.0
2015-08-28T13:35:32,29.0
2015-08-28T15:17:17,60.0
2015-08-28T17:06:13,23.0
2015-08-28T18:53:01,18.0
2015-08-28T20:37:11,26.0
2015-08-28T22:09:24,31.0
2015-08-28T00:43:15,30.0
2015-08-28T06:59:21,28.0
2015-08-28T08:34:07,71.0
2015-08-28T08:51:46,54.0
2015-08-28T10:36:56,173.0
2015-08-29T10:37:21,28.0
2015-08-29T10:42:30,46.0
2015-08-29T10:54:41,32.0
2015-08-29T11:19:34,41.0
2015-08-29T11:48:08,75.0
2015-08-29T12:15:14,26.0
2015-08-29T12:22:20,37.0
2015-08-29T12:46:51,10.0
2015-08-29T13:07:30,31.0
2015-08-29T13:34:33,32.0
2015-08-29T14:03:29,32.0
2015-08-29T14:13:19,8.0
2015-08-29T14:35:30,33.0
2015-08-29T14:57:22,28.0
2015-08-29T15:25:35,48.0
2015-08-29T15:52:15,26.0
2015-08-29T15:57:22,33.0
2015-08-29T16:24:50,44.0
2015-08-29T16:47:45,27.0
2015-08-29T17:15:00,25.0
2015-08-29T17:38:39,27.0
2015-08-29T17:49:29,33.0
2015-08-29T18:11:38,19.0
2015-08-29T18:58:13,35.0
2015-08-29T19:21:20,28.0
2015-08-29T19:31:53,15.0
2015-08-29T19:51:42,38.0
2015-08-29T20:51:42,30.0
2015-08-29T21:07:06,26.0
2015-08-29T22:31:19,29.0
2015-08-29T23:44:06,28.0
2015-08-29T06:22:12,30.0
2015-08-29T07:38:14,30.0
2015-08-29T08:10:55,17.0
2015-08-29T08:32:17,38.0
2015-08-29T09:00:26,32.0
2015-08-29T09:08:20,30.0
2015-08-29T09:38:19,35.0
2015-08-29T10:08:24,48.0
2015-08-30T11:30:47,36.0
2015-08-30T12:28:32,86.0
2015-08-30T13:17:29,29.0
2015-08-30T14:22:34,33.0
2015-08-30T15:07:30,31.0
2015-08-30T16:05:19,25.0
2015-08-30T16:52:29,29.0
2015-08-30T17:53:26,43.0
2015-08-30T18:35:29,30.0
2015-08-30T20:06:13,25.0
2015-08-30T21:35:06,29.0
2015-08-30T22:59:45,19.0
2015-08-30T07:03:18,30.0
2015-08-30T08:22:59,19.0
2015-08-30T09:53:07,30.0
2015-07-01T11:43:32,30.0
2015-07-01T12:12:35,37.0
2015-07-01T13:18:22,27.0
2015-07-01T13:54:18,23.0
2015-07-01T15:03:16,17.0
2015-07-01T15:44:14,29.0
2015-07-01T16:49:06,22.0
2015-07-01T17:32:28,32.0
2015-07-01T18:43:17,27.0
2015-07-01T19:17:10,32.0
2015-07-01T20:20:57,17.0
2015-07-01T21:50:21,25.0
2015-07-01T23:23:25,30.0
2015-07-01T06:05:11,32.0
2015-07-01T06:48:15,24.0
2015-07-01T07:11:28,30.0
2015-07-01T07:33:14,28.0
2015-07-01T08:27:39,40.0
2015-07-01T08:40:35,30.0
2015-07-01T09:15:13,26.0
2015-07-01T10:07:34,30.0
2015-07-01T10:39:40,28.0
2015-07-03T11:19:22,28.0
2015-07-03T12:53:18,38.0
2015-07-03T13:40:31,30.0
2015-07-03T14:42:08,60.0
2015-07-03T15:34:12,34.0
2015-07-03T16:31:14,22.0
2015-07-03T17:25:36,30.0
2015-07-03T18:25:19,30.0
2015-07-03T19:11:31,33.0
2015-07-03T20:49:29,29.0
2015-07-03T09:43:33,35.0
2015-07-04T11:29:11,29.0
2015-07-04T11:35:35,30.0
2015-07-04T13:19:25,30.0
2015-07-04T13:28:22,27.0
2015-07-04T15:07:00,18.0
2015-07-04T15:14:24,27.0
2015-07-04T16:55:00,22.0
2015-07-04T17:00:56,31.0
2015-07-04T18:41:25,23.0
2015-07-04T18:46:21,29.0
2015-07-04T20:08:06,29.0
2015-07-04T20:21:32,30.0
2015-07-04T21:45:47,23.0
2015-07-04T22:05:43,60.0
2015-07-04T23:32:18,27.0
2015-07-04T23:46:18,30.0
2015-07-04T07:04:15,30.0
2015-07-04T08:24:14,31.0
2015-07-04T09:51:35,28.0
2015-07-04T09:57:37,37.0
2015-07-05T10:46:00,24.0
2015-07-05T10:49:38,29.0
2015-07-05T11:48:42,31.0
2015-07-05T12:05:10,29.0
2015-07-05T12:22:29,40.0
2015-07-05T12:44:28,45.0
2015-07-05T13:35:30,33.0
2015-07-05T13:51:33,35.0
2015-07-05T14:13:06,46.0
2015-07-05T14:33:18,34.0
2015-07-05T15:22:59,16.0
2015-07-05T15:44:20,30.0
2015-07-05T15:59:02,19.0
2015-07-05T16:18:41,32.0
2015-07-05T17:15:39,52.0
2015-07-05T17:33:37,30.0
2015-07-05T17:50:11,23.0
2015-07-05T18:05:42,60.0
2015-07-05T18:56:14,21.0
2015-07-05T19:29:57,76.0
2015-07-05T19:48:21,31.0
2015-07-05T21:07:20,30.0
2015-07-05T22:27:37,28.0
2015-07-05T23:40:49,30.0
2015-07-05T00:32:20,19.0
2015-07-05T00:40:43,17.0
2015-07-05T06:07:42,19.0
2015-07-05T06:20:43,60.0
2015-07-05T07:20:51,17.0
2015-07-05T07:43:24,32.0
2015-07-05T08:13:23,31.0
2015-07-05T08:29:15,30.0
2015-07-05T08:48:16,37.0
2015-07-05T09:10:03,30.0
2015-07-05T09:40:13,28.0
2015-07-05T10:07:17,29.0
2015-07-05T10:24:11,27.0
2015-07-06T11:09:01,16.0
2015-07-06T11:58:23,34.0
2015-07-06T12:44:28,32.0
2015-07-06T13:31:21,30.0
2015-07-06T14:28:20,29.0
2015-07-06T15:23:26,26.0
2015-07-06T16:17:33,27.0
2015-07-06T17:08:17,25.0
2015-07-06T18:05:52,60.0
2015-07-06T18:53:20,31.0
2015-07-06T20:34:19,32.0
2015-07-06T22:14:21,30.0
2015-07-06T07:02:38,51.0
2015-07-06T08:37:28,33.0
2015-07-06T10:26:23,22.0
2015-07-07T10:42:07,29.0
2015-07-07T12:21:08,25.0
2015-07-07T14:02:39,34.0
2015-07-07T15:52:04,18.0
2015-07-07T17:44:21,26.0
2015-07-07T19:31:18,30.0
2015-07-07T21:01:21,35.0
2015-07-07T22:25:58,30.0
2015-07-07T23:41:36,27.0
2015-07-07T06:35:59,17.0
2015-07-07T07:18:19,33.0
2015-07-07T08:09:10,34.0
2015-07-07T08:59:15,27.0
2015-07-08T10:56:36,25.0
2015-07-08T11:45:17,24.0
2015-07-08T12:15:39,41.0
2015-07-08T12:36:32,27.0
2015-07-08T13:26:44,101.0
2015-07-08T14:21:37,407.0
2015-07-08T14:16:15,20.0
2015-07-08T15:09:20,24.0
2015-07-08T15:40:35,35.0
2015-07-08T16:09:23,24.0
2015-07-08T16:53:30,35.0
2015-07-08T17:42:52,215.0
2015-07-08T17:57:07,60.0
2015-07-08T18:42:18,30.0
2015-07-08T19:19:50,17.0
2015-07-08T19:41:19,23.0
2015-07-08T20:20:12,27.0
2015-07-08T21:54:22,30.0
2015-07-08T23:23:50,14.0
2015-07-08T00:39:13,30.0
2015-07-08T06:27:15,32.0
2015-07-08T06:46:19,33.0
2015-07-08T07:10:34,44.0
2015-07-08T07:26:56,14.0
2015-07-08T07:52:23,36.0
2015-07-08T08:28:27,45.0
2015-07-08T08:47:35,35.0
2015-07-08T09:07:56,24.0
2015-07-08T09:32:27,47.0
2015-07-08T10:09:10,26.0
2015-07-08T10:41:01,18.0
2015-07-09T11:35:28,22.0
2015-07-09T11:56:56,45.0
2015-07-09T13:08:46,52.0
2015-07-09T13:30:19,28.0
2015-07-09T14:54:30,42.0
2015-07-09T15:19:28,25.0
2015-07-09T16:50:50,60.0
2015-07-09T17:12:26,102.0
2015-07-09T18:32:47,37.0
2015-07-09T18:54:13,30.0
2015-07-09T20:12:09,29.0
2015-07-09T20:34:17,27.0
2015-07-09T21:40:03,20.0
2015-07-09T22:11:14,30.0
2015-07-09T23:07:12,28.0
2015-07-09T06:59:10,27.0
2015-07-09T08:18:06,20.0
2015-07-09T08:38:12,36.0
2015-07-09T09:56:26,26.0
2015-07-09T10:19:53,60.0
2015-07-10T11:07:03,19.0
2015-07-10T11:25:20,25.0
2015-07-10T12:45:28,51.0
2015-07-10T12:53:47,21.0
2015-07-10T13:42:31,38.0
2015-07-10T14:31:02,25.0
2015-07-10T14:45:36,29.0
2015-07-10T15:34:37,28.0
2015-07-10T16:19:00,60.0
2015-07-10T16:37:13,25.0
2015-07-10T17:28:22,56.0
2015-07-10T18:05:35,45.0
2015-07-10T18:23:38,31.0
2015-07-10T19:15:42,30.0
2015-07-10T19:55:14,22.0
2015-07-10T20:48:29,30.0
2015-07-10T21:18:00,15.0
2015-07-10T22:49:12,30.0
2015-07-10T00:21:08,30.0
2015-07-10T06:05:56,17.0
2015-07-10T06:17:59,16.0
2015-07-10T07:33:04,40.0
2015-07-10T07:47:36,34.0
2015-07-10T08:03:41,33.0
2015-07-10T09:17:25,32.0
2015-07-10T09:27:05,23.0
2015-07-10T09:42:58,15.0
2015-07-11T10:45:22,26.0
2015-07-11T10:51:07,30.0
2015-07-11T11:46:59,62.0
2015-07-11T12:26:14,28.0
2015-07-11T12:33:51,24.0
2015-07-11T12:50:04,23.0
2015-07-11T13:39:26,30.0
2015-07-11T14:15:18,25.0
2015-07-11T14:21:15,25.0
2015-07-11T14:38:17,31.0
2015-07-11T15:27:38,29.0
2015-07-11T16:07:20,29.0
2015-07-11T16:22:31,23.0
2015-07-11T17:19:38,28.0
2015-07-11T17:59:48,22.0
2015-07-11T18:16:01,44.0
2015-07-11T19:47:15,69.0
2015-07-11T00:08:19,44.0
2015-07-11T06:22:00,30.0
2015-07-11T07:39:21,30.0
2015-07-11T08:28:27,30.0
2015-07-11T09:08:22,30.0
2015-07-11T10:06:24,40.0
2015-07-12T10:37:54,21.0
2015-07-12T11:05:54,12.0
2015-07-12T12:20:43,30.0
2015-07-12T12:50:39,60.0
2015-07-12T14:09:50,56.0
2015-07-12T14:42:28,36.0
2015-07-12T16:00:27,27.0
2015-07-12T16:29:26,31.0
2015-07-12T17:37:20,33.0
2015-07-12T18:13:33,35.0
2015-07-12T19:18:19,30.0
2015-07-12T19:57:19,22.0
2015-07-12T20:50:19,28.0
2015-07-12T21:18:15,30.0
2015-07-12T22:44:48,13.0
2015-07-12T06:41:55,15.0
2015-07-12T07:55:32,30.0
2015-07-12T09:00:01,27.0
2015-07-12T09:18:48,17.0
2015-07-12T09:28:19,30.0
2015-07-13T11:05:20,32.0
2015-07-13T11:20:26,22.0
2015-07-13T11:57:01,38.0
2015-07-13T12:10:34,28.0
2015-07-13T12:45:15,26.0
2015-07-13T12:56:37,36.0
2015-07-13T13:34:19,31.0
2015-07-13T13:43:41,33.0
2015-07-13T13:51:32,28.0
2015-07-13T14:31:57,14.0
2015-07-13T14:42:37,29.0
2015-07-13T15:17:09,27.0
2015-07-13T15:36:48,31.0
2015-07-13T15:47:47,45.0
2015-07-13T16:24:22,24.0
2015-07-13T16:35:00,17.0
2015-07-13T17:02:22,25.0
2015-07-13T17:23:34,28.0
2015-07-13T17:31:16,23.0
2015-07-13T18:05:22,29.0
2015-07-13T18:19:32,29.0
2015-07-13T18:49:24,30.0
2015-07-13T19:08:35,29.0
2015-07-13T19:16:31,27.0
2015-07-13T19:53:20,36.0
2015-07-13T20:33:23,27.0
2015-07-13T20:47:25,28.0
2015-07-13T21:19:51,53.0
2015-07-13T22:06:16,30.0
2015-07-13T22:46:03,23.0
2015-07-13T00:00:47,22.0
2015-07-13T06:21:08,35.0
2015-07-13T06:48:35,48.0
2015-07-13T07:01:12,27.0
2015-07-13T07:11:01,16.0
2015-07-13T07:50:01,27.0
2015-07-13T08:07:36,27.0
2015-07-13T08:30:16,27.0
2015-07-13T08:38:25,25.0
2015-07-13T08:48:20,30.0
2015-07-13T09:28:45,29.0
2015-07-13T09:43:51,48.0
2015-07-13T10:08:31,33.0
2015-07-13T10:24:00,27.0
2015-07-13T10:34:08,24.0
2015-07-14T11:34:29,38.0
2015-07-14T13:04:43,42.0
2015-07-14T14:54:18,69.0
2015-07-14T16:47:09,51.0
2015-07-14T18:35:55,60.0
2015-07-14T20:08:36,60.0
2015-07-14T21:54:14,23.0
2015-07-14T23:07:17,41.0
2015-07-14T00:03:49,20.0
2015-07-14T08:21:25,35.0
2015-07-14T08:54:36,26.0
2015-07-14T09:55:08,60.0
2015-07-15T11:46:44,24.0
2015-07-15T11:58:32,22.0
2015-07-15T13:16:39,30.0
2015-07-15T13:34:20,23.0
2015-07-15T15:09:56,30.0
2015-07-15T15:21:00,30.0
2015-07-15T17:08:22,108.0
2015-07-15T17:21:25,58.0
2015-07-15T18:46:36,30.0
2015-07-15T19:04:18,28.0
2015-07-15T20:20:58,17.0
2015-07-15T20:30:17,29.0
2015-07-15T22:19:26,31.0
2015-07-15T23:27:13,28.0
2015-07-15T00:21:56,17.0
2015-07-15T06:50:30,28.0
2015-07-15T06:58:25,26.0
2015-07-15T08:30:29,33.0
2015-07-15T08:35:30,27.0
2015-07-15T10:10:44,60.0
2015-07-15T10:26:05,24.0
2015-07-16T11:00:23,22.0
2015-07-16T12:31:30,24.0
2015-07-16T14:20:07,16.0
2015-07-16T16:09:28,29.0
2015-07-16T17:57:18,27.0
2015-07-16T19:42:08,60.0
2015-07-16T06:27:54,30.0
2015-07-16T07:25:19,31.0
2015-07-16T07:56:25,32.0
2015-07-16T09:09:24,25.0
2015-07-16T09:30:24,28.0
2015-07-17T10:57:38,705.0
2015-07-17T12:20:41,41.0
2015-07-17T14:07:28,23.0
2015-07-17T15:59:21,28.0
2015-07-17T17:46:27,27.0
2015-07-17T19:33:36,37.0
2015-07-17T21:03:52,53.0
2015-07-17T22:31:41,50.0
2015-07-17T23:46:18,29.0
2015-07-17T06:04:59,19.0
2015-07-17T06:36:10,31.0
2015-07-17T07:19:06,19.0
2015-07-17T07:32:06,22.0
2015-07-17T08:07:38,45.0
2015-07-17T09:01:33,35.0
2015-07-17T09:16:17,24.0
2015-07-18T10:58:05,22.0
2015-07-18T11:13:10,29.0
2015-07-18T11:19:21,30.0
2015-07-18T12:56:13,30.0
2015-07-18T13:05:06,25.0
2015-07-18T13:10:24,26.0
2015-07-18T15:00:31,35.0
2015-07-18T14:48:27,27.0
2015-07-18T15:02:25,30.0
2015-07-18T16:32:13,28.0
2015-07-18T16:42:31,30.0
2015-07-18T16:53:31,30.0
2015-07-18T18:21:15,31.0
2015-07-18T18:29:53,16.0
2015-07-18T19:56:54,23.0
2015-07-18T21:29:34,42.0
2015-07-18T22:46:56,17.0
2015-07-18T00:43:05,18.0
2015-07-18T06:42:02,23.0
2015-07-18T07:57:28,27.0
2015-07-18T08:11:57,17.0
2015-07-18T09:16:15,30.0
2015-07-18T09:33:15,33.0
2015-07-18T09:40:33,35.0
2015-07-19T11:27:30,27.0
2015-07-19T11:35:35,51.0
2015-07-19T11:59:24,27.0
2015-07-19T13:14:32,27.0
2015-07-19T13:28:21,34.0
2015-07-19T13:45:25,23.0
2015-07-19T15:08:36,38.0
2015-07-19T15:15:49,15.0
2015-07-19T15:40:41,47.0
2015-07-19T16:58:36,28.0
2015-07-19T17:02:06,21.0
2015-07-19T17:12:25,25.0
2015-07-19T18:36:19,15.0
2015-07-19T18:44:13,30.0
2015-07-19T19:05:15,28.0
2015-07-19T20:07:20,26.0
2015-07-19T20:20:02,25.0
2015-07-19T20:38:28,28.0
2015-07-19T21:37:06,23.0
2015-07-19T21:52:12,28.0
2015-07-19T22:10:52,13.0
2015-07-19T23:03:50,18.0
2015-07-19T23:21:45,13.0
2015-07-19T00:05:55,10.0
2015-07-19T07:01:15,30.0
2015-07-19T08:20:04,21.0
2015-07-19T08:40:29,30.0
2015-07-19T09:49:37,29.0
2015-07-19T09:57:14,29.0
2015-07-19T10:19:22,32.0
2015-07-20T11:22:28,24.0
2015-07-20T11:45:16,30.0
2015-07-20T12:10:23,30.0
2015-07-20T12:57:49,30.0
2015-07-20T13:20:29,35.0
2015-07-20T13:43:35,30.0
2015-07-20T13:53:29,25.0
2015-07-20T14:39:41,35.0
2015-07-20T15:11:40,40.0
2015-07-20T15:31:48,32.0
2015-07-20T15:40:36,44.0
2015-07-20T16:32:18,25.0
2015-07-20T16:56:18,31.0
2015-07-20T17:19:22,29.0
2015-07-20T17:26:21,30.0
2015-07-20T18:19:19,10.0
2015-07-20T18:42:14,28.0
2015-07-20T19:06:41,29.0
2015-07-20T19:16:18,26.0
2015-07-20T19:51:58,57.0
2015-07-20T20:15:18,29.0
2015-07-20T20:50:15,28.0
2015-07-20T21:27:10,84.0
2015-07-20T21:49:52,20.0
2015-07-20T22:46:32,31.0
2015-07-20T23:26:04,25.0
2015-07-20T00:18:13,23.0
2015-07-20T00:39:29,42.0
2015-07-20T06:20:05,23.0
2015-07-20T06:48:57,22.0
2015-07-20T07:11:06,19.0
2015-07-20T07:46:04,60.0
2015-07-20T08:04:25,28.0
2015-07-20T08:31:21,33.0
2015-07-20T08:46:31,29.0
2015-07-20T09:23:35,28.0
2015-07-20T09:46:19,30.0
2015-07-20T10:06:26,30.0
2015-07-20T10:49:08,376.0
2015-07-21T11:30:09,30.0
2015-07-21T13:05:13,29.0
2015-07-21T13:48:05,16.0
2015-07-21T14:56:22,38.0
2015-07-21T15:33:42,29.0
2015-07-21T16:44:10,22.0
2015-07-21T17:22:59,39.0
2015-07-21T18:32:24,35.0
2015-07-21T19:10:21,28.0
2015-07-21T20:07:14,30.0
2015-07-21T20:49:28,30.0
2015-07-21T21:40:10,31.0
2015-07-21T23:04:25,34.0
2015-07-21T00:03:59,23.0
2015-07-21T08:18:33,32.0
2015-07-21T08:53:21,34.0
2015-07-21T09:55:29,37.0
2015-07-22T11:57:22,28.0
2015-07-22T13:33:59,15.0
2015-07-22T15:17:41,25.0
2015-07-22T17:07:25,24.0
2015-07-22T18:56:22,21.0
2015-07-22T20:33:32,44.0
2015-07-22T22:10:02,18.0
2015-07-22T00:18:24,30.0
2015-07-22T06:04:05,21.0
2015-07-22T06:59:08,26.0
2015-07-22T07:33:10,28.0
2015-07-22T08:38:11,23.0
2015-07-22T09:14:21,29.0
2015-07-22T10:23:16,28.0
2015-07-23T10:46:27,30.0
2015-07-23T12:25:34,23.0
2015-07-23T14:01:24,48.0
2015-07-23T15:54:34,34.0
2015-07-23T17:41:50,53.0
2015-07-23T19:11:52,27.0
2015-07-23T20:53:32,31.0
2015-07-23T22:28:52,15.0
2015-07-23T23:43:42,10.0
2015-07-23T06:35:08,25.0
2015-07-23T07:18:18,28.0
2015-07-23T08:06:53,12.0
2015-07-23T09:02:28,30.0
2015-07-24T10:59:22,24.0
2015-07-24T12:30:09,24.0
2015-07-24T14:20:22,27.0
2015-07-24T16:15:25,31.0
2015-07-24T18:14:24,30.0
2015-07-24T00:40:03,37.0
2015-07-24T06:29:44,48.0
2015-07-24T07:27:18,38.0
2015-07-24T07:56:25,30.0
2015-07-24T09:08:10,32.0
2015-07-24T09:35:31,40.0
2015-07-25T10:36:34,33.0
2015-07-25T11:42:10,26.0
2015-07-25T11:53:42,56.0
2015-07-25T12:15:13,28.0
2015-07-25T13:31:21,29.0
2015-07-25T13:49:30,32.0
2015-07-25T14:05:16,28.0
2015-07-25T15:23:15,27.0
2015-07-25T15:42:21,45.0
2015-07-25T15:51:20,28.0
2015-07-25T17:13:12,30.0
2015-07-25T17:35:19,31.0
2015-07-25T17:42:25,26.0
2015-07-25T19:04:19,29.0
2015-07-25T20:41:40,48.0
2015-07-25T08:38:18,38.0
2015-07-25T08:58:18,33.0
2015-07-25T10:02:14,28.0
2015-07-25T10:18:45,12.0
2015-07-26T00:43:08,30.0
2015-08-02T10:33:05,18.0
2015-08-02T10:42:19,23.0
2015-08-02T10:51:21,32.0
2015-08-02T11:50:25,22.0
2015-08-02T12:12:16,30.0
2015-08-02T12:22:18,25.0
2015-08-02T12:38:40,60.0
2015-08-02T13:37:22,28.0
2015-08-02T14:03:01,30.0
2015-08-02T14:10:13,33.0
2015-08-02T14:28:14,30.0
2015-08-02T15:29:06,25.0
2015-08-02T15:54:39,30.0
2015-08-02T16:01:25,31.0
2015-08-02T16:23:36,30.0
2015-08-02T17:17:26,30.0
2015-08-02T17:42:32,28.0
2015-08-02T17:49:16,30.0
2015-08-02T18:06:17,24.0
2015-08-02T18:55:18,30.0
2015-08-02T19:19:29,30.0
2015-08-02T19:30:35,47.0
2015-08-02T19:53:59,54.0
2015-08-02T20:45:56,71.0
2015-08-02T21:11:17,33.0
2015-08-02T22:29:56,11.0
2015-08-02T23:45:32,41.0
2015-08-02T06:23:46,12.0
2015-08-02T07:37:19,30.0
2015-08-02T08:24:25,34.0
2015-08-02T08:57:00,18.0
2015-08-02T09:09:19,30.0
2015-08-02T10:08:16,28.0
2015-08-03T10:47:16,23.0
2015-08-03T11:58:15,30.0
2015-08-03T12:19:16,28.0
2015-08-03T13:31:25,47.0
2015-08-03T14:06:17,26.0
2015-08-03T15:10:22,33.0
2015-08-03T15:55:21,28.0
2015-08-03T17:03:24,27.0
2015-08-03T17:44:35,28.0
2015-08-03T18:53:51,16.0
2015-08-03T19:31:14,22.0
2015-08-03T20:34:19,30.0
2015-08-03T21:05:04,20.0
2015-08-03T22:09:27,30.0
2015-08-03T22:32:19,26.0
2015-08-03T23:48:19,26.0
2015-08-03T06:37:23,14.0
2015-08-03T07:02:22,26.0
2015-08-03T07:21:13,30.0
2015-08-03T08:13:39,26.0
2015-08-03T08:40:20,30.0
2015-08-03T09:01:17,32.0
2015-08-03T10:22:27,24.0
2015-08-04T00:48:16,21.0
2015-08-04T06:34:54,25.0
2015-08-04T07:56:23,36.0
2015-08-04T08:54:35,34.0
2015-08-04T09:36:48,40.0
2015-08-06T11:03:21,18.0
2015-08-06T11:31:33,24.0
2015-08-06T11:49:10,27.0
2015-08-06T12:15:13,23.0
2015-08-06T12:32:19,21.0
2015-08-06T13:07:07,22.0
2015-08-06T13:21:13,29.0
2015-08-06T14:20:22,25.0
2015-08-06T14:53:41,32.0
2015-08-06T15:08:26,31.0
2015-08-06T16:13:09,34.0
2015-08-06T16:50:42,30.0
2015-08-06T17:01:36,36.0
2015-08-06T17:56:09,25.0
2015-08-06T18:31:33,21.0
2015-08-06T18:54:47,58.0
2015-08-06T19:42:46,12.0
2015-08-06T20:13:07,30.0
2015-08-06T20:26:26,30.0
2015-08-06T21:40:16,30.0
2015-08-06T23:03:21,25.0
2015-08-06T06:46:23,30.0
2015-08-06T07:12:14,30.0
2015-08-06T07:23:58,22.0
2015-08-06T08:19:10,26.0
2015-08-06T08:27:30,33.0
2015-08-06T08:43:35,44.0
2015-08-06T09:08:16,26.0
2015-08-06T09:55:22,29.0
2015-08-06T10:06:42,36.0
2015-08-06T10:37:24,24.0
2015-08-07T11:14:19,55.0
2015-08-07T11:34:40,235.0
2015-08-07T12:49:04,24.0
2015-08-07T12:58:40,41.0
2015-08-07T13:54:45,48.0
2015-08-07T14:32:50,15.0
2015-08-07T14:48:17,24.0
2015-08-07T15:38:40,26.0
2015-08-07T16:19:34,25.0
2015-08-07T16:41:51,44.0
2015-08-07T17:24:27,29.0
2015-08-07T18:12:23,26.0
2015-08-07T18:32:38,25.0
2015-08-07T19:08:35,31.0
2015-08-07T20:03:29,29.0
2015-08-07T20:54:29,30.0
2015-08-07T21:39:27,30.0
2015-08-07T00:18:11,26.0
2015-08-07T06:04:17,20.0
2015-08-07T06:17:53,19.0
2015-08-07T07:32:37,36.0
2015-08-07T07:45:16,27.0
2015-08-07T08:01:26,43.0
2015-08-07T09:17:37,43.0
2015-08-07T09:24:22,28.0
2015-08-07T09:45:18,24.0
2015-08-08T12:20:56,22.0
2015-08-08T14:03:28,35.0
2015-08-08T15:52:18,27.0
2015-08-08T17:39:17,26.0
2015-08-08T19:18:23,27.0
2015-08-08T20:51:03,18.0
2015-08-08T00:14:13,26.0
2015-08-08T08:58:11,30.0
2015-08-09T11:39:19,25.0
2015-08-09T11:54:01,11.0
2015-08-09T12:32:08,28.0
2015-08-09T13:33:09,25.0
2015-08-09T13:42:14,29.0
2015-08-09T14:22:02,26.0
2015-08-09T15:14:59,20.0
2015-08-09T15:36:22,28.0
2015-08-09T16:09:37,30.0
2015-08-09T17:06:27,30.0
2015-08-09T17:23:23,32.0
2015-08-09T17:56:49,62.0
2015-08-09T18:43:23,30.0
2015-08-09T19:07:12,27.0
2015-08-09T20:22:19,33.0
2015-08-09T20:38:22,30.0
2015-08-09T21:53:19,30.0
2015-08-09T22:13:05,20.0
2015-08-09T23:22:33,30.0
2015-08-09T08:38:53,58.0
2015-08-09T09:58:53,13.0
2015-08-09T10:16:12,25.0
2015-08-10T10:45:16,30.0
2015-08-10T12:18:37,31.0
2015-08-10T14:07:17,20.0
2015-08-10T15:58:02,18.0
2015-08-10T17:47:35,30.0
2015-08-10T19:36:53,64.0
2015-08-10T21:07:12,29.0
2015-08-10T22:31:06,30.0
2015-08-10T23:51:54,17.0
2015-08-10T00:41:06,30.0
2015-08-10T06:40:22,28.0
2015-08-10T07:21:22,30.0
2015-08-10T08:13:28,32.0
2015-08-10T09:06:19,28.0
2015-08-11T00:49:59,20.0
2015-08-11T06:05:02,21.0
2015-08-11T07:32:09,21.0
2015-08-11T08:50:22,30.0
2015-08-11T09:15:26,18.0
2015-08-12T11:36:13,22.0
2015-08-12T13:17:34,87.0
2015-08-12T14:54:51,68.0
2015-08-12T16:43:29,20.0
2015-08-12T20:09:53,57.0
2015-08-12T21:36:09,33.0
2015-08-12T23:04:59,32.0
2015-08-12T08:21:26,30.0
2015-08-13T11:07:18,35.0
2015-08-13T11:22:59,23.0
2015-08-13T11:55:11,13.0
2015-08-13T12:45:27,26.0
2015-08-13T12:57:45,33.0
2015-08-13T13:36:45,43.0
2015-08-13T13:43:50,39.0
2015-08-13T14:34:55,137.0
2015-08-13T14:42:27,32.0
2015-08-13T15:17:14,29.0
2015-08-13T15:28:41,30.0
2015-08-13T16:25:52,30.0
2015-08-13T16:41:05,20.0
2015-08-13T17:11:23,30.0
2015-08-13T17:25:36,38.0
2015-08-13T18:24:15,25.0
2015-08-13T19:02:26,32.0
2015-08-13T19:10:34,27.0
2015-08-13T20:04:48,17.0
2015-08-13T20:30:20,21.0
2015-08-13T20:53:35,41.0
2015-08-13T21:20:34,33.0
2015-08-13T22:10:43,60.0
2015-08-13T22:47:02,22.0
2015-08-13T00:20:01,23.0
2015-08-13T07:07:23,30.0
2015-08-13T08:05:22,36.0
2015-08-13T08:50:21,29.0
2015-08-13T09:44:32,29.0
2015-08-13T10:29:23,31.0
2015-08-14T10:57:08,23.0
2015-08-14T11:48:57,20.0
2015-08-14T12:13:41,43.0
2015-08-14T12:34:10,24.0
2015-08-14T13:22:34,109.0
2015-08-14T13:55:03,18.0
2015-08-14T14:22:18,33.0
2015-08-14T15:12:42,25.0
2015-08-14T15:49:51,55.0
2015-08-14T16:13:28,29.0
2015-08-14T17:37:29,37.0
2015-08-14T17:56:27,23.0
2015-08-14T19:22:28,30.0
2015-08-14T19:44:20,55.0
2015-08-14T00:04:50,18.0
2015-08-14T06:28:57,11.0
2015-08-14T06:48:26,39.0
2015-08-14T07:09:06,23.0
2015-08-14T07:26:04,27.0
2015-08-14T07:57:23,32.0
2015-08-14T08:31:16,25.0
2015-08-14T08:47:26,32.0
2015-08-14T09:07:18,29.0
2015-08-14T09:33:49,41.0
2015-08-14T10:05:58,15.0
2015-08-14T10:37:25,30.0
2015-08-15T10:46:00,61.0
2015-08-15T11:00:38,26.0
2015-08-15T11:47:10,32.0
2015-08-15T12:22:11,25.0
2015-08-15T12:48:24,26.0
2015-08-15T12:58:28,30.0
2015-08-15T13:39:29,36.0
2015-08-15T14:11:20,28.0
2015-08-15T14:42:07,26.0
2015-08-15T14:51:39,30.0
2015-08-15T15:33:32,28.0
2015-08-15T16:00:22,30.0
2015-08-15T16:32:32,32.0
2015-08-15T16:48:36,35.0
2015-08-15T17:22:36,28.0
2015-08-15T17:54:15,29.0
2015-08-15T18:21:59,65.0
2015-08-15T18:30:27,23.0
2015-08-15T19:32:59,13.0
2015-08-15T19:58:24,33.0
2015-08-15T21:10:59,13.0
2015-08-15T21:28:18,30.0
2015-08-15T22:34:34,63.0
2015-08-15T22:45:50,16.0
2015-08-15T23:49:57,16.0
2015-08-15T06:20:49,22.0
2015-08-15T06:43:16,28.0
2015-08-15T07:40:36,62.0
2015-08-15T07:57:15,24.0
2015-08-15T08:30:47,25.0
2015-08-15T09:08:17,30.0
2015-08-15T09:20:46,59.0
2015-08-15T09:35:11,30.0
2015-08-15T10:07:33,33.0
2015-08-16T11:01:07,30.0
2015-08-16T11:17:09,25.0
2015-08-16T12:50:41,23.0
2015-08-16T13:03:39,38.0
2015-08-16T14:38:27,30.0
2015-08-16T14:47:30,32.0
2015-08-16T16:26:21,26.0
2015-08-16T16:36:13,26.0
2015-08-16T18:21:03,22.0
2015-08-16T18:31:04,24.0
2015-08-16T19:52:47,12.0
2015-08-16T21:26:51,58.0
2015-08-16T22:43:43,10.0
2015-08-16T00:07:01,25.0
2015-08-16T06:43:09,32.0
2015-08-16T07:57:15,26.0
2015-08-16T09:21:20,26.0
2015-08-16T09:30:27,30.0
2015-08-17T10:40:53,85.0
2015-08-17T10:56:24,22.0
2015-08-17T11:40:48,60.0
2015-08-17T12:05:35,41.0
2015-08-17T12:19:15,21.0
2015-08-17T12:33:40,26.0
2015-08-17T13:24:35,30.0
2015-08-17T13:53:23,34.0
2015-08-17T14:04:28,33.0
2015-08-17T15:07:26,30.0
2015-08-17T16:01:28,29.0
2015-08-17T16:01:19,28.0
2015-08-17T16:56:19,27.0
2015-08-17T17:30:27,30.0
2015-08-17T17:48:47,30.0
2015-08-17T18:02:57,34.0
2015-08-17T18:50:34,13.0
2015-08-17T19:17:26,30.0
2015-08-17T19:29:31,55.0
2015-08-17T19:41:41,35.0
2015-08-17T20:27:20,28.0
2015-08-17T21:01:08,30.0
2015-08-17T21:58:12,17.0
2015-08-17T22:24:56,38.0
2015-08-17T23:46:56,22.0
2015-08-17T00:00:51,16.0
2015-08-17T06:50:17,30.0
2015-08-17T07:09:14,28.0
2015-08-17T07:19:55,17.0
2015-08-17T07:30:35,26.0
2015-08-17T08:26:58,28.0
2015-08-17T08:48:21,28.0
2015-08-17T08:59:25,35.0
2015-08-17T09:08:17,26.0
2015-08-17T10:07:57,64.0
2015-08-17T10:39:08,27.0
2015-08-18T12:00:17,25.0
2015-08-18T13:33:28,25.0
2015-08-18T15:15:19,30.0
2015-08-18T17:02:24,29.0
2015-08-18T18:52:31,32.0
2015-08-18T20:30:42,55.0
2015-08-18T22:07:04,30.0
2015-08-18T00:43:44,20.0
2015-08-18T06:05:20,34.0
2015-08-18T06:59:12,24.0
2015-08-18T07:32:21,30.0
2015-08-18T08:38:16,27.0
2015-08-18T09:14:15,28.0
2015-08-18T10:24:32,28.0
2015-08-19T06:29:43,60.0
2015-08-19T07:57:17,31.0
2015-08-19T09:32:22,35.0
2015-08-20T11:08:18,25.0
2015-08-20T11:22:25,29.0
2015-08-20T12:40:01,16.0
2015-08-20T12:56:35,36.0
2015-08-20T13:47:09,38.0
2015-08-20T14:27:39,27.0
2015-08-20T14:40:24,28.0
2015-08-20T15:32:47,48.0
2015-08-20T16:24:40,35.0
2015-08-20T16:34:27,34.0
2015-08-20T17:29:27,31.0
2015-08-20T18:13:06,26.0
2015-08-20T18:25:47,51.0
2015-08-20T19:12:13,45.0
2015-08-20T19:54:43,33.0
2015-08-20T20:50:30,29.0
2015-08-20T21:18:27,30.0
2015-08-20T22:47:22,25.0
2015-08-20T06:16:59,13.0
2015-08-20T07:45:12,20.0
2015-08-20T08:05:32,35.0
2015-08-20T09:22:17,26.0
2015-08-20T09:42:41,53.0
2015-08-21T11:37:50,28.0
2015-08-21T13:14:08,27.0
2015-08-21T14:53:26,29.0
2015-08-21T16:47:23,26.0
2015-08-21T18:35:55,12.0
2015-08-21T20:11:20,30.0
2015-08-21T21:42:57,16.0
2015-08-21T23:14:22,30.0
2015-08-21T00:05:44,10.0
2015-08-21T08:18:19,27.0
2015-08-21T09:02:14,18.0
2015-08-21T09:54:28,28.0
2015-08-22T11:19:48,12.0
2015-08-22T11:34:46,41.0
2015-08-22T11:53:58,9.0
2015-08-22T12:02:59,30.0
2015-08-22T13:10:14,23.0
2015-08-22T13:22:24,33.0
2015-08-22T13:46:29,25.0
2015-08-22T13:49:27,29.0
2015-08-22T15:00:34,31.0
2015-08-22T15:18:35,45.0
2015-08-22T15:40:18,29.0
2015-08-22T16:51:08,25.0
2015-08-22T17:05:46,60.0
2015-08-22T17:26:23,35.0
2015-08-22T17:40:27,32.0
2015-08-22T18:48:39,37.0
2015-08-22T20:26:11,21.0
2015-08-22T20:57:35,34.0
2015-08-22T21:59:26,36.0
2015-08-22T23:29:24,47.0
2015-08-22T00:21:23,23.0
2015-08-22T05:59:16,30.0
2015-08-22T07:20:21,30.0
2015-08-22T08:12:06,25.0
2015-08-22T08:38:27,30.0
2015-08-22T08:48:37,44.0
2015-08-22T09:43:54,17.0
2015-08-22T10:06:54,54.0
2015-08-22T10:18:11,24.0
2015-08-22T10:24:29,47.0
2015-08-23T10:37:10,29.0
2015-08-23T10:43:29,30.0
2015-08-23T10:51:11,22.0
2015-08-23T11:51:23,25.0
2015-08-23T12:16:36,36.0
2015-08-23T12:22:28,25.0
2015-08-23T12:41:50,63.0
2015-08-23T13:36:10,24.0
2015-08-23T14:01:18,30.0
2015-08-23T14:11:21,25.0
2015-08-23T14:27:31,30.0
2015-08-23T15:26:24,24.0
2015-08-23T15:50:22,30.0
2015-08-23T15:58:27,28.0
2015-08-23T16:23:06,24.0
2015-08-23T17:16:09,24.0
2015-08-23T17:39:18,28.0
2015-08-23T17:50:12,51.0
2015-08-23T18:05:20,31.0
2015-08-23T18:54:31,23.0
2015-08-23T19:14:49,23.0
2015-08-23T19:29:13,28.0
2015-08-23T19:49:55,20.0
2015-08-23T20:46:16,30.0
2015-08-23T21:02:23,30.0
2015-08-23T22:28:14,30.0
2015-08-23T23:43:43,10.0
2015-08-23T00:44:21,30.0
2015-08-23T06:21:56,15.0
2015-08-23T07:39:16,35.0
2015-08-23T08:28:38,44.0
2015-08-23T09:02:18,28.0
2015-08-23T09:09:03,21.0
2015-08-23T10:07:21,30.0
2015-08-24T11:31:38,34.0
2015-08-24T13:04:38,22.0
2015-08-24T14:53:24,36.0
2015-08-24T16:42:36,38.0
2015-08-24T18:30:18,30.0
2015-08-24T20:05:24,26.0
2015-08-24T21:33:51,13.0
2015-08-24T23:05:39,60.0
2015-08-24T06:06:27,30.0
2015-08-24T07:33:06,19.0
2015-08-24T08:18:21,30.0
2015-08-24T09:16:31,31.0
2015-08-24T09:57:36,45.0
2015-08-25T12:02:37,39.0
2015-08-25T13:35:42,66.0
2015-08-25T15:20:42,46.0
2015-08-25T17:10:56,18.0
2015-08-25T18:57:25,38.0
2015-08-25T20:34:22,46.0
2015-08-25T22:05:35,60.0
2015-08-25T00:20:44,11.0
2015-08-25T07:00:10,27.0
2015-08-25T08:38:59,19.0
2015-08-25T10:22:34,40.0
2015-08-26T10:59:33,70.0
2015-08-26T11:47:20,30.0
2015-08-26T12:13:25,28.0
2015-08-26T12:36:39,28.0
2015-08-26T13:23:36,45.0
2015-08-26T13:57:42,42.0
2015-08-26T14:25:08,24.0
2015-08-26T15:11:10,14.0
2015-08-26T15:43:25,24.0
2015-08-26T16:09:33,29.0
2015-08-26T16:53:42,42.0
2015-08-26T17:34:29,24.0
2015-08-26T17:59:03,60.0
2015-08-26T18:46:35,30.0
2015-08-26T19:17:38,27.0
2015-08-26T19:37:54,17.0
2015-08-26T20:21:52,119.0
2015-08-26T21:54:26,40.0
2015-08-26T23:28:53,19.0
2015-08-26T06:33:37,50.0
2015-08-26T06:51:26,28.0
2015-08-26T07:10:20,30.0
2015-08-26T07:25:18,30.0
2015-08-26T07:57:32,24.0
2015-08-26T08:31:29,26.0
2015-08-26T08:47:26,29.0
2015-08-26T09:08:28,32.0
2015-08-26T09:38:46,24.0
2015-08-26T10:11:15,27.0
2015-08-26T10:37:22,29.0
2015-08-27T10:42:15,32.0
2015-08-27T11:08:19,35.0
2015-08-27T12:20:30,25.0
2015-08-27T12:44:26,29.0
2015-08-27T13:44:22,27.0
2015-08-27T14:08:21,37.0
2015-08-27T14:33:13,64.0
2015-08-27T15:27:29,32.0
2015-08-27T15:49:38,26.0
2015-08-27T16:23:04,65.0
2015-08-27T17:55:50,39.0
2015-08-27T18:22:10,63.0
2015-08-27T21:01:55,34.0
2015-08-27T22:33:42,55.0
2015-08-27T23:45:00,19.0
2015-08-27T06:19:59,20.0
2015-08-27T06:35:13,30.0
2015-08-27T07:21:19,30.0
2015-08-27T07:46:15,29.0
2015-08-27T08:13:24,26.0
2015-08-27T09:06:25,29.0
2015-08-27T09:22:35,39.0
2015-08-28T12:00:37,30.0
2015-08-28T13:35:32,29.0
2015-08-28T15:17:17,60.0
2015-08-28T17:06:13,23.0
2015-08-28T18:53:01,18.0
2015-08-28T20:37:11,26.0
2015-08-28T22:09:24,31.0
2015-08-28T00:43:15,30.0
2015-08-28T06:59:21,28.0
2015-08-28T08:34:07,71.0
2015-08-28T08:51:46,54.0
2015-08-28T10:36:56,173.0
2015-09-01T11:30:40,31.0
2015-09-01T13:09:17,30.0
2015-09-01T14:53:40,50.0
2015-09-01T16:40:48,12.0
2015-09-01T18:33:46,11.0
2015-09-01T20:03:58,24.0
2015-09-01T21:37:09,25.0
2015-09-01T23:03:43,46.0
2015-09-01T08:21:25,27.0
2015-09-01T09:55:23,33.0
2015-09-02T10:56:03,16.0
2015-09-02T12:35:33,24.0
2015-09-02T14:17:35,26.0
2015-09-02T16:07:52,45.0
2015-09-02T17:54:22,30.0
2015-09-02T19:43:56,16.0
2015-09-02T00:17:51,18.0
2015-09-02T06:29:08,30.0
2015-09-02T07:26:19,27.0
2015-09-02T07:51:19,30.0
2015-09-02T09:09:23,27.0
2015-09-02T09:33:03,70.0
2015-09-03T10:42:49,50.0
2015-09-03T12:08:28,33.0
2015-09-03T12:18:26,27.0
2015-09-03T13:56:14,30.0
2015-09-03T14:07:32,35.0
2015-09-03T15:44:50,31.0
2015-09-03T16:03:12,30.0
2015-09-03T17:36:36,41.0
2015-09-03T17:45:29,23.0
2015-09-03T19:18:27,26.0
2015-09-03T19:36:36,31.0
2015-09-03T21:02:17,30.0
2015-09-03T22:27:24,30.0
2015-09-03T23:44:21,51.0
2015-09-03T06:04:58,11.0
2015-09-03T06:35:03,28.0
2015-09-03T07:10:55,17.0
2015-09-03T07:20:15,29.0
2015-09-03T07:31:24,31.0
2015-09-03T08:08:18,32.0
2015-09-03T08:44:20,36.0
2015-09-03T09:03:39,29.0
2015-09-03T09:17:08,26.0
2015-09-03T10:33:28,30.0
2015-09-04T11:14:18,25.0
2015-09-04T11:28:08,22.0
2015-09-04T12:43:30,23.0
2015-09-04T12:54:46,45.0
2015-09-04T13:43:31,31.0
2015-09-04T14:27:24,41.0
2015-09-04T14:43:33,25.0
2015-09-04T15:34:34,31.0
2015-09-04T16:22:18,25.0
2015-09-04T16:37:32,22.0
2015-09-04T17:21:43,32.0
2015-09-04T18:05:22,22.0
2015-09-04T18:17:29,25.0
2015-09-04T19:06:40,31.0
2015-09-04T19:50:17,28.0
2015-09-04T20:47:22,30.0
2015-09-04T21:19:30,47.0
2015-09-04T22:48:26,33.0
2015-09-04T00:43:11,23.0
2015-09-04T06:17:08,21.0
2015-09-04T07:43:13,22.0
2015-09-04T08:07:33,38.0
2015-09-04T08:54:27,26.0
2015-09-04T09:22:42,36.0
2015-09-04T09:46:32,35.0
2015-09-05T11:29:26,34.0
2015-09-05T11:42:15,32.0
2015-09-05T12:00:12,32.0
2015-09-05T13:17:20,33.0
2015-09-05T13:24:58,34.0
2015-09-05T13:48:25,34.0
2015-09-05T15:17:59,27.0
2015-09-05T17:06:18,22.0
2015-09-05T17:21:26,29.0
2015-09-05T18:50:16,38.0
2015-09-05T19:06:13,28.0
2015-09-05T20:22:09,19.0
2015-09-05T20:39:54,15.0
2015-09-05T21:54:50,16.0
2015-09-05T22:07:14,35.0
2015-09-05T23:25:51,17.0
2015-09-05T00:02:56,15.0
2015-09-05T08:40:48,13.0
2015-09-05T09:58:20,27.0
2015-09-05T10:20:41,32.0
2015-09-06T11:18:06,60.0
2015-09-06T12:09:20,38.0
2015-09-06T13:07:57,38.0
2015-09-06T13:53:23,30.0
2015-09-06T14:58:11,31.0
2015-09-06T15:43:22,32.0
2015-09-06T16:46:21,28.0
2015-09-06T17:36:32,33.0
2015-09-06T00:40:14,30.0
2015-09-06T06:08:27,26.0
2015-09-06T07:21:26,31.0
2015-09-06T08:11:05,26.0
2015-09-06T08:49:17,38.0
2015-09-06T09:40:19,31.0
2015-09-06T10:27:54,12.0
2015-09-07T11:07:30,30.0
2015-09-07T11:29:24,26.0
2015-09-07T11:38:23,28.0
2015-09-07T11:56:27,31.0
2015-09-07T12:59:29,29.0
2015-09-07T13:17:08,18.0
2015-09-07T13:27:51,60.0
2015-09-07T13:45:25,32.0
2015-09-07T14:46:25,27.0
2015-09-07T15:06:35,27.0
2015-09-07T15:12:42,30.0
2015-09-07T15:35:20,31.0
2015-09-07T16:26:18,20.0
2015-09-07T16:41:19,25.0
2015-09-07T16:52:28,25.0
2015-09-07T17:04:42,29.0
2015-09-07T17:23:29,29.0
2015-09-07T18:17:48,91.0
2015-09-07T18:25:25,32.0
2015-09-07T18:34:19,70.0
2015-09-07T18:44:32,38.0
2015-09-07T19:06:11,18.0
2015-09-07T19:56:18,34.0
2015-09-07T20:07:31,28.0
2015-09-07T20:22:55,12.0
2015-09-07T20:42:20,31.0
2015-09-07T21:22:12,26.0
2015-09-07T21:38:12,42.0
2015-09-07T21:52:10,30.0
2015-09-07T22:10:38,60.0
2015-09-07T22:44:50,17.0
2015-09-07T23:05:14,27.0
2015-09-07T23:21:14,23.0
2015-09-07T07:04:17,28.0
2015-09-07T08:21:24,29.0
2015-09-07T08:40:18,25.0
2015-09-07T09:28:29,29.0
2015-09-07T09:52:20,29.0
2015-09-07T09:57:56,15.0
2015-09-07T10:14:21,30.0
2015-09-08T11:41:22,34.0
2015-09-08T12:07:38,25.0
2015-09-08T13:17:33,32.0
2015-09-08T13:53:42,42.0
2015-09-08T15:02:57,60.0
2015-09-08T15:40:13,29.0
2015-09-08T16:55:40,30.0
2015-09-08T17:32:20,26.0
2015-09-08T18:39:26,29.0
2015-09-08T19:14:30,34.0
2015-09-08T20:18:00,18.0
2015-09-08T21:54:06,24.0
2015-09-08T23:25:59,15.0
2015-09-08T00:04:01,23.0
2015-09-08T00:18:41,12.0
2015-09-08T00:39:28,46.0
2015-09-08T06:51:18,23.0
2015-09-08T07:10:45,83.0
2015-09-08T08:26:44,27.0
2015-09-08T08:45:40,46.0
2015-09-08T10:07:37,30.0
2015-09-08T10:45:14,29.0
2015-09-09T11:06:11,26.0
2015-09-09T12:45:15,29.0
2015-09-09T13:47:41,30.0
2015-09-09T14:26:58,77.0
2015-09-09T15:30:52,38.0
2015-09-09T16:18:12,32.0
2015-09-09T17:20:02,48.0
2015-09-09T18:07:20,9.0
2015-09-09T19:03:14,21.0
2015-09-09T20:48:33,32.0
2015-09-09T06:24:55,14.0
2015-09-09T06:31:09,67.0
2015-09-09T07:44:19,26.0
2015-09-09T07:57:46,42.0
2015-09-09T09:31:27,38.0
2015-09-09T09:33:42,44.0
2015-09-10T11:29:26,25.0
2015-09-10T11:58:13,134.0
2015-09-10T13:07:22,22.0
2015-09-10T13:28:52,44.0
2015-09-10T14:58:46,51.0
2015-09-10T15:14:34,36.0
2015-09-10T17:00:14,71.0
2015-09-10T18:50:57,18.0
2015-09-10T20:31:06,20.0
2015-09-10T22:09:09,30.0
2015-09-10T06:59:13,22.0
2015-09-10T08:21:22,26.0
2015-09-10T08:40:33,35.0
2015-09-10T09:55:24,36.0
2015-09-10T10:21:55,53.0
2015-09-11T10:43:37,30.0
2015-09-11T12:19:34,25.0
2015-09-11T14:09:16,30.0
2015-09-11T16:03:42,25.0
2015-09-11T17:48:41,24.0
2015-09-11T19:34:31,28.0
2015-09-11T21:07:24,28.0
2015-09-11T22:26:19,26.0
2015-09-11T23:46:10,25.0
2015-09-11T06:36:19,30.0
2015-09-11T07:19:51,14.0
2015-09-11T08:08:20,32.0
2015-09-11T09:02:16,33.0
2015-09-12T11:18:09,65.0
2015-09-12T12:31:16,21.0
2015-09-12T13:05:59,20.0
2015-09-12T13:52:29,42.0
2015-09-12T14:19:24,30.0
2015-09-12T15:01:30,33.0
2015-09-12T15:44:43,38.0
2015-09-12T16:06:18,26.0
2015-09-12T16:48:33,30.0
2015-09-12T17:36:38,36.0
2015-09-12T17:59:28,42.0
2015-09-12T00:41:01,17.0
2015-09-12T06:03:23,46.0
2015-09-12T07:22:37,24.0
2015-09-12T08:11:13,27.0
2015-09-12T08:47:31,32.0
2015-09-12T09:37:37,26.0
2015-09-12T10:25:21,28.0
2015-09-14T10:39:18,24.0
2015-09-14T11:17:42,31.0
2015-09-14T11:32:59,38.0
2015-09-14T12:22:23,25.0
2015-09-14T13:00:50,35.0
2015-09-14T13:10:42,36.0
2015-09-14T14:04:38,36.0
2015-09-14T14:42:31,27.0
2015-09-14T14:54:17,35.0
2015-09-14T16:03:23,30.0
2015-09-14T16:44:26,23.0
2015-09-14T16:50:33,37.0
2015-09-14T17:50:53,53.0
2015-09-14T18:24:55,51.0
2015-09-14T18:32:27,18.0
2015-09-14T19:28:15,51.0
2015-09-14T19:52:25,30.0
2015-09-14T20:03:20,25.0
2015-09-14T21:00:24,28.0
2015-09-14T21:27:57,15.0
2015-09-14T21:35:45,11.0
2015-09-14T22:28:29,28.0
2015-09-14T22:50:26,30.0
2015-09-14T23:03:51,16.0
2015-09-14T23:44:10,30.0
2015-09-14T06:07:12,30.0
2015-09-14T06:37:59,24.0
2015-09-14T07:20:04,24.0
2015-09-14T07:34:18,24.0
2015-09-14T08:01:32,29.0
2015-09-14T08:14:17,26.0
2015-09-14T08:20:32,26.0
2015-09-14T09:02:29,41.0
2015-09-14T09:19:32,26.0
2015-09-14T09:54:35,38.0
2015-09-15T10:55:20,32.0
2015-09-15T11:51:29,29.0
2015-09-15T12:13:31,30.0
2015-09-15T12:36:45,35.0
2015-09-15T13:22:25,24.0
2015-09-15T13:59:23,23.0
2015-09-15T14:23:22,36.0
2015-09-15T15:03:20,34.0
2015-09-15T15:38:43,28.0
2015-09-15T16:10:34,26.0
2015-09-15T17:02:41,35.0
2015-09-15T17:43:39,33.0
2015-09-15T18:16:32,36.0
2015-09-15T18:50:24,29.0
2015-09-15T19:20:56,30.0
2015-09-15T20:23:14,60.0
2015-09-15T21:50:50,60.0
2015-09-15T23:24:00,17.0
2015-09-15T00:03:14,19.0
2015-09-15T00:20:51,11.0
2015-09-15T00:44:19,32.0
2015-09-15T06:50:02,21.0
2015-09-15T07:12:12,30.0
2015-09-15T07:25:16,26.0
2015-09-15T08:27:35,26.0
2015-09-15T08:49:23,33.0
2015-09-15T09:00:04,60.0
2015-09-15T09:10:26,23.0
2015-09-15T10:06:26,32.0
2015-09-15T10:34:26,31.0
2015-09-16T11:30:11,24.0
2015-09-16T13:08:02,24.0
2015-09-16T14:53:28,24.0
2015-09-16T08:21:27,25.0
2015-09-16T09:52:43,32.0
2015-09-17T11:07:34,43.0
2015-09-17T11:16:20,29.0
2015-09-17T12:41:26,22.0
2015-09-17T12:52:27,25.0
2015-09-17T13:45:23,31.0
2015-09-17T14:27:24,28.0
2015-09-17T15:32:39,31.0
2015-09-17T16:21:28,55.0
2015-09-17T17:21:59,14.0
2015-09-17T18:11:45,34.0
2015-09-17T19:15:43,30.0
2015-09-17T20:49:58,30.0
2015-09-17T06:19:08,30.0
2015-09-17T07:45:06,22.0
2015-09-17T08:07:20,33.0
2015-09-17T09:24:39,36.0
2015-09-17T09:43:14,30.0
2015-09-18T11:57:47,39.0
2015-09-18T13:33:43,55.0
2015-09-18T13:50:40,38.0
2015-09-18T15:20:23,41.0
2015-09-18T15:45:06,105.0
2015-09-18T17:04:20,27.0
2015-09-18T17:28:44,31.0
2015-09-18T18:56:57,17.0
2015-09-18T20:32:14,23.0
2015-09-18T22:10:18,30.0
2015-09-18T06:29:09,30.0
2015-09-18T06:57:11,27.0
2015-09-18T07:55:19,29.0
2015-09-18T08:40:16,32.0
2015-09-18T09:30:15,30.0
2015-09-18T10:26:08,27.0
2015-09-19T11:01:41,25.0
2015-09-19T11:15:54,22.0
2015-09-19T12:49:16,32.0
2015-09-19T13:00:19,39.0
2015-09-19T14:40:08,30.0
2015-09-19T14:47:29,31.0
2015-09-19T16:31:16,53.0
2015-09-19T16:37:21,23.0
2015-09-19T18:21:24,23.0
2015-09-19T18:30:22,27.0
2015-09-19T19:54:24,23.0
2015-09-19T21:25:50,16.0
2015-09-19T22:44:59,20.0
2015-09-19T06:42:08,23.0
2015-09-19T07:56:03,23.0
2015-09-19T09:20:18,26.0
2015-09-19T09:33:34,28.0
2015-09-20T11:02:47,39.0
2015-09-20T11:15:08,26.0
2015-09-20T12:50:42,32.0
2015-09-20T12:57:12,30.0
2015-09-20T14:41:35,33.0
2015-09-20T14:43:55,15.0
2015-09-20T16:27:22,39.0
2015-09-20T16:36:30,30.0
2015-09-20T18:13:16,26.0
2015-09-20T18:23:38,25.0
2015-09-20T19:51:05,20.0
2015-09-20T21:19:26,26.0
2015-09-20T22:43:03,24.0
2015-09-20T00:04:11,270.0
2015-09-20T06:41:54,18.0
2015-09-20T07:56:20,30.0
2015-09-20T09:19:09,29.0
2015-09-20T09:30:12,27.0
2015-09-21T08:53:03,62.0
2015-09-22T10:44:22,31.0
2015-09-22T12:15:48,33.0
2015-09-22T14:04:51,51.0
2015-09-22T15:52:28,33.0
2015-09-22T17:44:29,30.0
2015-09-22T19:32:37,34.0
2015-09-22T20:59:27,41.0
2015-09-22T22:28:33,30.0
2015-09-22T23:44:56,21.0
2015-09-22T06:05:10,30.0
2015-09-22T06:35:17,30.0
2015-09-22T07:19:24,30.0
2015-09-22T07:32:30,37.0
2015-09-22T08:10:14,34.0
2015-09-22T09:03:37,34.0
2015-09-22T09:15:06,30.0
2015-09-23T11:06:37,23.0
2015-09-23T11:19:41,45.0
2015-09-23T12:40:29,39.0
2015-09-23T12:56:17,31.0
2015-09-23T13:46:30,48.0
2015-09-23T14:29:58,55.0
2015-09-23T14:40:32,50.0
2015-09-23T15:30:45,37.0
2015-09-23T16:17:31,81.0
2015-09-23T16:33:13,24.0
2015-09-23T17:21:30,31.0
2015-09-23T18:08:36,30.0
2015-09-23T18:19:50,30.0
2015-09-23T19:10:40,36.0
2015-09-23T19:52:28,33.0
2015-09-23T20:50:02,23.0
2015-09-23T21:20:17,28.0
2015-09-23T22:42:15,22.0
2015-09-23T00:44:52,19.0
2015-09-23T06:21:13,27.0
2015-09-23T07:46:24,30.0
2015-09-23T08:00:10,29.0
2015-09-23T09:28:23,25.0
2015-09-23T09:40:17,35.0
2015-09-24T10:54:34,25.0
2015-09-24T11:45:59,42.0
2015-09-24T12:08:29,25.0
2015-09-24T12:31:28,25.0
2015-09-24T13:18:37,33.0
2015-09-24T13:52:42,30.0
2015-09-24T14:15:27,29.0
2015-09-24T15:08:37,31.0
2015-09-24T15:46:50,13.0
2015-09-24T16:06:23,28.0
2015-09-24T16:57:20,30.0
2015-09-24T17:31:31,31.0
2015-09-24T17:50:30,30.0
2015-09-24T18:42:23,37.0
2015-09-24T19:24:38,26.0
2015-09-24T19:43:45,51.0
2015-09-24T20:23:32,26.0
2015-09-24T21:53:12,32.0
2015-09-24T23:30:04,30.0
2015-09-24T00:04:10,24.0
2015-09-24T06:29:09,30.0
2015-09-24T06:48:01,16.0
2015-09-24T07:09:20,26.0
2015-09-24T07:26:26,43.0
2015-09-24T07:53:55,20.0
2015-09-24T08:32:32,32.0
2015-09-24T08:48:14,31.0
2015-09-24T09:06:30,26.0
2015-09-24T09:36:28,28.0
2015-09-24T10:09:07,14.0
2015-09-24T10:35:23,28.0
2015-09-25T12:00:33,49.0
2015-09-25T13:33:14,32.0
2015-09-25T15:25:10,25.0
2015-09-25T17:08:23,34.0
2015-09-25T18:55:14,30.0
2015-09-25T20:31:49,60.0
2015-09-25T22:09:08,38.0
2015-09-25T06:56:22,31.0
2015-09-25T08:38:56,52.0
2015-09-25T10:26:02,50.0
